{"producer":{"name":"Blender","version":"2.79 (sub 0)","exporter_version":"5.6.4","file":"zombie.babylon"},
"autoClear":true,"clearColor":[0.0509,0.0509,0.0509],"ambientColor":[0,0,0],"gravity":[0,-9.81,0],
"materials":[{"name":"zombie.Jill_HiMidRes_Eyes_MAT","id":"zombie.Jill_HiMidRes_Eyes_MAT","ambient":[1,1,1],"diffuse":[0.8,0.8,0.8],"specular":[0,0,0],"emissive":[0,0,0],"specularPower":103,"alpha":1,"backFaceCulling":true,"checkReadyOnlyOnce":false,"maxSimultaneousLights":4, 
"diffuseTexture":{"name":"Jill_HiMidRes_diffuse.png","level":1,"hasAlpha":1,"coordinatesMode":0,"uOffset":0,"vOffset":0,"uScale":1,"vScale":1,"uAng":0,"vAng":0,"wAng":0,"wrapU":1,"wrapV":1,"coordinatesIndex":0}, 
"bumpTexture":{"name":"Jill_HiMidRes_normal.png","level":0.35,"hasAlpha":1,"coordinatesMode":0,"uOffset":0,"vOffset":0,"uScale":1,"vScale":1,"uAng":0,"vAng":0,"wAng":0,"wrapU":1,"wrapV":1,"coordinatesIndex":0}},
{"name":"zombie.Jill_HiMidRes_EyeSpec_MAT","id":"zombie.Jill_HiMidRes_EyeSpec_MAT","ambient":[1,1,1],"diffuse":[0.8,0.8,0.8],"specular":[0.3878,0.3878,0.3878],"emissive":[0,0,0],"specularPower":240,"alpha":1,"backFaceCulling":true,"checkReadyOnlyOnce":false,"maxSimultaneousLights":4, 
"diffuseTexture":{"name":"Jill_HiMidRes_diffuse.png","level":1,"hasAlpha":1,"coordinatesMode":0,"uOffset":0,"vOffset":0,"uScale":1,"vScale":1,"uAng":0,"vAng":0,"wAng":0,"wrapU":1,"wrapV":1,"coordinatesIndex":0}},
{"name":"zombie.Jill_HiMidRes_Teeth_MAT","id":"zombie.Jill_HiMidRes_Teeth_MAT","ambient":[1,1,1],"diffuse":[0.8,0.8,0.8],"specular":[0.25,0.25,0.25],"emissive":[0,0,0],"specularPower":115,"alpha":1,"backFaceCulling":true,"checkReadyOnlyOnce":false,"maxSimultaneousLights":4, 
"diffuseTexture":{"name":"Jill_HiMidRes_diffuse.png","level":1,"hasAlpha":1,"coordinatesMode":0,"uOffset":0,"vOffset":0,"uScale":1,"vScale":1,"uAng":0,"vAng":0,"wAng":0,"wrapU":1,"wrapV":1,"coordinatesIndex":0}, 
"bumpTexture":{"name":"Jill_HiMidRes_normal.png","level":0.35,"hasAlpha":1,"coordinatesMode":0,"uOffset":0,"vOffset":0,"uScale":1,"vScale":1,"uAng":0,"vAng":0,"wAng":0,"wrapU":1,"wrapV":1,"coordinatesIndex":0}, 
"specularTexture":{"name":"Jill_HiMidRes_specular.png","level":1,"hasAlpha":1,"coordinatesMode":0,"uOffset":0,"vOffset":0,"uScale":1,"vScale":1,"uAng":0,"vAng":0,"wAng":0,"wrapU":1,"wrapV":1,"coordinatesIndex":0}},
{"name":"zombie.Jill_HiMidRes_Hair_MAT","id":"zombie.Jill_HiMidRes_Hair_MAT","ambient":[1,1,1],"diffuse":[0.8,0.8,0.8],"specular":[0.25,0.25,0.25],"emissive":[0,0,0],"specularPower":34,"alpha":1,"backFaceCulling":true,"checkReadyOnlyOnce":false,"maxSimultaneousLights":4, 
"diffuseTexture":{"name":"Jill_HiMidRes_diffuse.png","level":1,"hasAlpha":1,"coordinatesMode":0,"uOffset":0,"vOffset":0,"uScale":1,"vScale":1,"uAng":0,"vAng":0,"wAng":0,"wrapU":1,"wrapV":1,"coordinatesIndex":0}, 
"bumpTexture":{"name":"Jill_HiMidRes_normal.png","level":0.35,"hasAlpha":1,"coordinatesMode":0,"uOffset":0,"vOffset":0,"uScale":1,"vScale":1,"uAng":0,"vAng":0,"wAng":0,"wrapU":1,"wrapV":1,"coordinatesIndex":0}, 
"specularTexture":{"name":"Jill_HiMidRes_specular.png","level":1,"hasAlpha":1,"coordinatesMode":0,"uOffset":0,"vOffset":0,"uScale":1,"vScale":1,"uAng":0,"vAng":0,"wAng":0,"wrapU":1,"wrapV":1,"coordinatesIndex":0}},
{"name":"zombie.Jill_HiMidRes_Body_MAT","id":"zombie.Jill_HiMidRes_Body_MAT","ambient":[1,1,1],"diffuse":[0.8,0.8,0.8],"specular":[0.25,0.25,0.25],"emissive":[0,0,0],"specularPower":64,"alpha":1,"backFaceCulling":true,"checkReadyOnlyOnce":false,"maxSimultaneousLights":4, 
"diffuseTexture":{"name":"Jill_HiMidRes_diffuse.png","level":1,"hasAlpha":1,"coordinatesMode":0,"uOffset":0,"vOffset":0,"uScale":1,"vScale":1,"uAng":0,"vAng":0,"wAng":0,"wrapU":1,"wrapV":1,"coordinatesIndex":0}, 
"bumpTexture":{"name":"Jill_HiMidRes_normal.png","level":0.35,"hasAlpha":1,"coordinatesMode":0,"uOffset":0,"vOffset":0,"uScale":1,"vScale":1,"uAng":0,"vAng":0,"wAng":0,"wrapU":1,"wrapV":1,"coordinatesIndex":0}, 
"specularTexture":{"name":"Jill_HiMidRes_specular.png","level":1,"hasAlpha":1,"coordinatesMode":0,"uOffset":0,"vOffset":0,"uScale":1,"vScale":1,"uAng":0,"vAng":0,"wAng":0,"wrapU":1,"wrapV":1,"coordinatesIndex":0}},
{"name":"zombie.Jill_HiMidRes_Gown_MAT","id":"zombie.Jill_HiMidRes_Gown_MAT","ambient":[1,1,1],"diffuse":[0.8,0.8,0.8],"specular":[0.25,0.25,0.25],"emissive":[0,0,0],"specularPower":92,"alpha":1,"backFaceCulling":true,"checkReadyOnlyOnce":false,"maxSimultaneousLights":4, 
"diffuseTexture":{"name":"Jill_HiMidRes_diffuse.png","level":1,"hasAlpha":1,"coordinatesMode":0,"uOffset":0,"vOffset":0,"uScale":1,"vScale":1,"uAng":0,"vAng":0,"wAng":0,"wrapU":1,"wrapV":1,"coordinatesIndex":0}, 
"bumpTexture":{"name":"Jill_HiMidRes_normal.png","level":0.35,"hasAlpha":1,"coordinatesMode":0,"uOffset":0,"vOffset":0,"uScale":1,"vScale":1,"uAng":0,"vAng":0,"wAng":0,"wrapU":1,"wrapV":1,"coordinatesIndex":0}, 
"specularTexture":{"name":"Jill_HiMidRes_specular.png","level":1,"hasAlpha":1,"coordinatesMode":0,"uOffset":0,"vOffset":0,"uScale":1,"vScale":1,"uAng":0,"vAng":0,"wAng":0,"wrapU":1,"wrapV":1,"coordinatesIndex":0}}],
"multiMaterials":[],
"skeletons":[{"name":"Zombie_armadura","id":0,"dimensionsAtRest":[177.8936,189.9296,24.7779],"bones":[
{"name":"Hips","index":0,"matrix":[0.9187,0.0057,0.3949,0,0.0247,0.9971,-0.0719,0,0.3942,-0.0759,-0.9159,0,0,94.9104,0,1],"rest":[1,0,0,0,0,1,0,0,0,0,-1,0,0,101.0309,3.3129,1],"parentBoneIndex":-1,"length":9.8554
,"animation":{"dataType":3,"framePerSecond":30,"keys":[
{"frame":1,"values":[0.9187,0.0057,0.3949,0,0.0247,0.9971,-0.0719,0,0.3942,-0.0759,-0.9159,0,0,94.9104,0,1]},
{"frame":2,"values":[0.9247,-0.0014,0.3807,0,0.03,0.9972,-0.0692,0,0.3795,-0.0754,-0.9221,0,0.2983,94.7883,-1.4339,1]},
{"frame":3,"values":[0.9341,-0.009,0.357,0,0.0347,0.9972,-0.0656,0,0.3554,-0.0736,-0.9318,0,0.7339,94.6701,-2.9811,1]},
{"frame":4,"values":[0.9469,-0.0178,0.3211,0,0.0396,0.9973,-0.0617,0,0.3191,-0.0712,-0.945,0,1.33,94.4954,-4.6336,1]},
{"frame":5,"values":[0.9624,-0.0245,0.2705,0,0.0416,0.9975,-0.0577,0,0.2684,-0.0668,-0.961,0,2.1117,94.2842,-6.3835,1]},
{"frame":6,"values":[0.979,-0.0265,0.202,0,0.0374,0.998,-0.0504,0,0.2003,-0.0569,-0.9781,0,3.1271,94.0368,-8.2236,1]},
{"frame":7,"values":[0.9934,-0.0228,0.1127,0,0.0271,0.999,-0.0369,0,0.1117,-0.0397,-0.9929,0,4.3913,93.7429,-10.1362,1]},
{"frame":8,"values":[0.9999,-0.0167,0.0022,0,0.0167,0.9997,-0.0177,0,0.0019,-0.0177,-0.9998,0,5.8746,93.278,-12.1076,1]},
{"frame":9,"values":[0.9923,-0.0112,-0.1237,0,0.0113,0.9999,0.0008,0,-0.1236,0.0021,-0.9923,0,7.5555,92.4953,-14.1289,1]},
{"frame":10,"values":[0.9676,-0.008,-0.2523,0,0.011,0.9999,0.0102,0,-0.2522,0.0127,-0.9676,0,9.3321,91.3513,-16.2026,1]},
{"frame":11,"values":[0.9301,-0.0104,-0.3672,0,0.0138,0.9999,0.0067,0,-0.3671,0.0113,-0.9301,0,11.1724,89.9413,-18.2852,1]},
{"frame":12,"values":[0.8919,-0.0179,-0.4518,0,0.0174,0.9998,-0.0053,0,-0.4518,0.0032,-0.8921,0,13.0063,88.5648,-20.4647,1]},
{"frame":13,"values":[0.8651,-0.0363,-0.5002,0,0.0302,0.9993,-0.0202,0,-0.5006,-0.0024,-0.8657,0,14.8371,87.2254,-22.5357,1]},
{"frame":14,"values":[0.8543,-0.0576,-0.5166,0,0.0467,0.9983,-0.0341,0,-0.5177,-0.005,-0.8555,0,16.5155,86.1672,-24.395,1]},
{"frame":15,"values":[0.8546,-0.0741,-0.514,0,0.0562,0.9971,-0.0504,0,-0.5163,-0.0142,-0.8563,0,17.8928,85.6137,-25.9418,1]},
{"frame":16,"values":[0.8593,-0.0842,-0.5045,0,0.0535,0.9957,-0.075,0,-0.5087,-0.0374,-0.8601,0,18.9183,85.6169,-27.1296,1]},
{"frame":17,"values":[0.866,-0.0912,-0.4916,0,0.0444,0.9934,-0.1059,0,-0.498,-0.0699,-0.8644,0,19.651,86.027,-28.026,1]},
{"frame":18,"values":[0.8749,-0.0974,-0.4744,0,0.0376,0.9903,-0.134,0,-0.4829,-0.0994,-0.87,0,20.1888,86.6178,-28.7684,1]},
{"frame":19,"values":[0.8846,-0.1021,-0.455,0,0.0357,0.9877,-0.1523,0,-0.4649,-0.1185,-0.8774,0,20.6037,87.2078,-29.4694,1]},
{"frame":20,"values":[0.8929,-0.1047,-0.438,0,0.0363,0.9862,-0.1618,0,-0.4488,-0.1286,-0.8843,0,20.9313,87.6937,-30.1777,1]},
{"frame":21,"values":[0.8987,-0.1062,-0.4254,0,0.0373,0.9852,-0.1672,0,-0.4369,-0.1344,-0.8894,0,21.1912,88.039,-30.9132,1]},
{"frame":22,"values":[0.9029,-0.1076,-0.4161,0,0.0384,0.9845,-0.1711,0,-0.4281,-0.1385,-0.8931,0,21.4038,88.2487,-31.7014,1]},
{"frame":23,"values":[0.9061,-0.1076,-0.4092,0,0.0386,0.9841,-0.1732,0,-0.4213,-0.1411,-0.8959,0,21.5996,88.3422,-32.5593,1]},
{"frame":24,"values":[0.9081,-0.1044,-0.4054,0,0.0361,0.9843,-0.1728,0,-0.4171,-0.1423,-0.8977,0,21.8232,88.3365,-33.4722,1]},
{"frame":25,"values":[0.9087,-0.098,-0.4057,0,0.03,0.9849,-0.1708,0,-0.4163,-0.143,-0.8979,0,22.1213,88.2416,-34.4049,1]},
{"frame":26,"values":[0.908,-0.0902,-0.4092,0,0.0218,0.9854,-0.1687,0,-0.4184,-0.1443,-0.8967,0,22.5215,88.0658,-35.3376,1]},
{"frame":27,"values":[0.9064,-0.0823,-0.4144,0,0.0132,0.9859,-0.167,0,-0.4223,-0.1459,-0.8946,0,23.0227,87.8229,-36.2866,1]},
{"frame":28,"values":[0.9038,-0.0747,-0.4214,0,0.0047,0.9863,-0.1648,0,-0.4279,-0.1469,-0.8918,0,23.6055,87.5346,-37.2981,1]},
{"frame":29,"values":[0.8998,-0.0672,-0.4312,0,-0.0034,0.987,-0.1609,0,-0.4363,-0.1463,-0.8878,0,24.2456,87.2203,-38.4114,1]},
{"frame":30,"values":[0.8938,-0.0607,-0.4443,0,-0.0102,0.9878,-0.1553,0,-0.4483,-0.1433,-0.8823,0,24.9249,86.8916,-39.6301,1]},
{"frame":31,"values":[0.8863,-0.057,-0.4596,0,-0.0138,0.9887,-0.1494,0,-0.4629,-0.1388,-0.8755,0,25.6415,86.5791,-40.9295,1]},
{"frame":32,"values":[0.8782,-0.0569,-0.4749,0,-0.0143,0.9893,-0.145,0,-0.4781,-0.1341,-0.868,0,26.4052,86.3363,-42.2891,1]},
{"frame":33,"values":[0.8702,-0.0598,-0.489,0,-0.0121,0.9897,-0.1426,0,-0.4925,-0.1301,-0.8605,0,27.2231,86.2628,-43.7282,1]},
{"frame":34,"values":[0.8626,-0.0648,-0.5017,0,-0.0075,0.99,-0.1406,0,-0.5058,-0.1251,-0.8536,0,28.0552,86.4283,-45.2379,1]},
{"frame":35,"values":[0.861,-0.0711,-0.5036,0,0.0012,0.9905,-0.1379,0,-0.5086,-0.1181,-0.8529,0,28.8447,86.8191,-46.7539,1]},
{"frame":36,"values":[0.8597,-0.0772,-0.5049,0,0.0101,0.9909,-0.1343,0,-0.5107,-0.1103,-0.8527,0,29.474,87.3427,-48.1292,1]},
{"frame":37,"values":[0.8589,-0.083,-0.5054,0,0.0193,0.9913,-0.13,0,-0.5118,-0.1019,-0.853,0,29.8924,87.903,-49.2983,1]},
{"frame":38,"values":[0.8587,-0.0894,-0.5047,0,0.0295,0.9916,-0.1256,0,-0.5117,-0.093,-0.8541,0,30.1494,88.449,-50.285,1]},
{"frame":39,"values":[0.8591,-0.097,-0.5026,0,0.0409,0.9917,-0.1215,0,-0.5102,-0.0838,-0.856,0,30.3156,88.9001,-51.1701,1]},
{"frame":40,"values":[0.8601,-0.1058,-0.499,0,0.0536,0.9916,-0.1178,0,-0.5073,-0.0746,-0.8586,0,30.4389,89.2758,-52.0268,1]},
{"frame":41,"values":[0.8618,-0.1147,-0.4941,0,0.0665,0.9912,-0.114,0,-0.5029,-0.0654,-0.8619,0,30.5289,89.6238,-52.8787,1]},
{"frame":42,"values":[0.8642,-0.1232,-0.4879,0,0.0791,0.9908,-0.1101,0,-0.4969,-0.0565,-0.8659,0,30.5774,89.9401,-53.7205,1]},
{"frame":43,"values":[0.8673,-0.1316,-0.4802,0,0.0915,0.9901,-0.1061,0,-0.4894,-0.0481,-0.8707,0,30.5653,90.2305,-54.5778,1]},
{"frame":44,"values":[0.8711,-0.1399,-0.4707,0,0.1036,0.9893,-0.1023,0,-0.48,-0.0403,-0.8763,0,30.4753,90.5003,-55.4649,1]},
{"frame":45,"values":[0.8757,-0.1479,-0.4596,0,0.1152,0.9884,-0.0985,0,-0.4688,-0.0333,-0.8827,0,30.302,90.749,-56.3958,1]},
{"frame":46,"values":[0.8812,-0.1553,-0.4466,0,0.1259,0.9875,-0.0948,0,-0.4557,-0.0273,-0.8897,0,30.0548,90.973,-57.354,1]},
{"frame":47,"values":[0.8874,-0.1617,-0.4317,0,0.1354,0.9866,-0.0911,0,-0.4406,-0.0224,-0.8974,0,29.742,91.1715,-58.305,1]},
{"frame":48,"values":[0.8945,-0.1669,-0.4147,0,0.1434,0.9858,-0.0874,0,-0.4234,-0.0187,-0.9058,0,29.3379,91.3438,-59.2463,1]},
{"frame":49,"values":[0.9025,-0.1708,-0.3955,0,0.1497,0.9852,-0.0838,0,-0.404,-0.0165,-0.9146,0,28.7918,91.4899,-60.2324,1]},
{"frame":50,"values":[0.9111,-0.1732,-0.3739,0,0.1542,0.9848,-0.0804,0,-0.3822,-0.0156,-0.924,0,28.1067,91.6063,-61.3176,1]},
{"frame":51,"values":[0.9203,-0.1752,-0.3497,0,0.1581,0.9844,-0.0773,0,-0.3577,-0.0158,-0.9337,0,27.3985,91.6926,-62.4846,1]},
{"frame":52,"values":[0.9298,-0.1766,-0.3228,0,0.1611,0.9841,-0.0742,0,-0.3308,-0.017,-0.9435,0,26.8139,91.7416,-63.6408,1]},
{"frame":53,"values":[0.9394,-0.1767,-0.2936,0,0.1629,0.9841,-0.0711,0,-0.3015,-0.0189,-0.9533,0,26.3983,91.7503,-64.731,1]},
{"frame":54,"values":[0.9489,-0.1753,-0.2623,0,0.1631,0.9843,-0.0679,0,-0.2701,-0.0217,-0.9626,0,26.0759,91.7136,-65.7867,1]},
{"frame":55,"values":[0.9581,-0.1718,-0.229,0,0.1612,0.9848,-0.0647,0,-0.2366,-0.0251,-0.9713,0,25.7465,91.624,-66.8852,1]},
{"frame":56,"values":[0.9667,-0.1675,-0.1935,0,0.1584,0.9854,-0.0619,0,-0.2011,-0.0291,-0.9791,0,25.3824,91.4848,-68.0685,1]},
{"frame":57,"values":[0.9745,-0.1613,-0.1562,0,0.1538,0.9863,-0.0592,0,-0.1636,-0.0337,-0.986,0,24.9972,91.2974,-69.2994,1]},
{"frame":58,"values":[0.9813,-0.1532,-0.1169,0,0.1474,0.9874,-0.0568,0,-0.1242,-0.0385,-0.9915,0,24.6058,91.0726,-70.5592,1]},
{"frame":59,"values":[0.9867,-0.1438,-0.0757,0,0.1398,0.9886,-0.055,0,-0.0828,-0.0437,-0.9956,0,24.2143,90.8393,-71.8829,1]},
{"frame":60,"values":[0.9905,-0.1339,-0.0325,0,0.132,0.9898,-0.0537,0,-0.0394,-0.0489,-0.998,0,23.8208,90.6245,-73.3156,1]},
{"frame":61,"values":[0.9922,-0.1238,0.0123,0,0.1243,0.9908,-0.0529,0,0.0056,-0.054,-0.9985,0,23.3943,90.4304,-74.8526,1]},
{"frame":62,"values":[0.9919,-0.1132,0.0584,0,0.1163,0.9918,-0.0526,0,0.052,-0.059,-0.9969,0,22.8632,90.2579,-76.4176,1]},
{"frame":63,"values":[0.9892,-0.1015,0.1056,0,0.1075,0.9928,-0.0527,0,0.0995,-0.0635,-0.993,0,22.1734,90.1029,-77.9154,1]},
{"frame":64,"values":[0.984,-0.091,0.1533,0,0.1001,0.9936,-0.0529,0,0.1475,-0.0674,-0.9868,0,21.3654,90.0543,-79.2816,1]},
{"frame":65,"values":[0.9763,-0.0787,0.2015,0,0.0912,0.9944,-0.0534,0,0.1962,-0.0705,-0.978,0,20.4717,90.0207,-80.507,1]},
{"frame":66,"values":[0.9655,-0.0603,0.2531,0,0.0766,0.9955,-0.0553,0,0.2487,-0.0728,-0.9658,0,19.4821,89.9325,-81.6244,1]},
{"frame":67,"values":[0.9502,-0.0346,0.3097,0,0.0557,0.9967,-0.0595,0,0.3066,-0.0737,-0.949,0,18.3781,89.7867,-82.6418,1]},
{"frame":68,"values":[0.9296,-0.0018,0.3686,0,0.0285,0.9974,-0.0669,0,0.3675,-0.0727,-0.9272,0,17.1372,89.5443,-83.6124,1]},
{"frame":69,"values":[0.9032,0.0339,0.4278,0,-0.0009,0.997,-0.0772,0,0.4291,-0.0693,-0.9006,0,15.762,89.2434,-84.5412,1]},
{"frame":70,"values":[0.872,0.0689,0.4847,0,-0.0291,0.9956,-0.0892,0,0.4887,-0.0637,-0.8701,0,14.2939,88.9501,-85.4332,1]},
{"frame":71,"values":[0.8374,0.1005,0.5372,0,-0.0539,0.9933,-0.1019,0,0.5439,-0.0564,-0.8373,0,12.7773,88.6866,-86.3054,1]},
{"frame":72,"values":[0.8277,0.0885,0.5542,0,-0.0168,0.991,-0.1331,0,0.561,-0.1009,-0.8217,0,11.0017,87.717,-87.5394,1]},
{"frame":73,"values":[0.825,0.0807,0.5594,0,0.008,0.988,-0.1544,0,0.5651,-0.1319,-0.8144,0,9.5045,87.327,-88.7051,1]},
{"frame":74,"values":[0.8256,0.0795,0.5586,0,0.0212,0.9849,-0.1716,0,0.5638,-0.1535,-0.8115,0,8.3845,87.5021,-89.7236,1]},
{"frame":75,"values":[0.8261,0.0844,0.5571,0,0.0284,0.9812,-0.1908,0,0.5628,-0.1734,-0.8082,0,7.6365,88.0495,-90.5413,1]},
{"frame":76,"values":[0.8267,0.0915,0.5552,0,0.0341,0.9767,-0.2118,0,0.5616,-0.194,-0.8043,0,7.1508,88.6984,-91.196,1]},
{"frame":77,"values":[0.8293,0.0966,0.5504,0,0.0379,0.9729,-0.2279,0,0.5575,-0.2099,-0.8032,0,6.8191,89.2592,-91.7695,1]},
{"frame":78,"values":[0.8339,0.0974,0.5432,0,0.0388,0.9716,-0.2336,0,0.5505,-0.2159,-0.8064,0,6.5854,89.6493,-92.307,1]},
{"frame":79,"values":[0.8392,0.0941,0.5356,0,0.0373,0.9727,-0.2292,0,0.5425,-0.2123,-0.8128,0,6.4178,89.8734,-92.8011,1]},
{"frame":80,"values":[0.8449,0.0882,0.5276,0,0.0348,0.9751,-0.2188,0,0.5338,-0.2032,-0.8208,0,6.2915,89.9742,-93.2486,1]},
{"frame":81,"values":[0.8513,0.0815,0.5183,0,0.0321,0.9779,-0.2064,0,0.5237,-0.1924,-0.8299,0,6.1701,89.9865,-93.6706,1]},
{"frame":82,"values":[0.8582,0.0743,0.5079,0,0.0306,0.9803,-0.1952,0,0.5124,-0.1831,-0.839,0,6.015,89.9176,-94.0944,1]},
{"frame":83,"values":[0.8649,0.0662,0.4975,0,0.0329,0.9817,-0.1877,0,0.5008,-0.1787,-0.8469,0,5.7803,89.7861,-94.542,1]},
{"frame":84,"values":[0.8711,0.0568,0.4877,0,0.0396,0.9819,-0.1851,0,0.4894,-0.1806,-0.8531,0,5.4226,89.6291,-95.0433,1]},
{"frame":85,"values":[0.8767,0.0466,0.4787,0,0.049,0.9815,-0.1853,0,0.4785,-0.1859,-0.8582,0,4.9148,89.4861,-95.6243,1]},
{"frame":86,"values":[0.8812,0.0366,0.4712,0,0.0582,0.981,-0.185,0,0.4691,-0.1904,-0.8624,0,4.2546,89.3527,-96.2855,1]},
{"frame":87,"values":[0.8842,0.0274,0.4663,0,0.0662,0.9808,-0.1832,0,0.4624,-0.1929,-0.8655,0,3.4658,89.2022,-96.9996,1]},
{"frame":88,"values":[0.8851,0.0192,0.4651,0,0.0748,0.9803,-0.1828,0,0.4594,-0.1966,-0.8662,0,2.5901,89.0031,-97.7459,1]},
{"frame":89,"values":[0.8827,0.0118,0.4698,0,0.086,0.9787,-0.1862,0,0.462,-0.2047,-0.8629,0,1.6691,88.7587,-98.5404,1]},
{"frame":90,"values":[0.8757,0.0065,0.4829,0,0.0986,0.9765,-0.1918,0,0.4727,-0.2156,-0.8544,0,0.7302,88.4933,-99.4125,1]},
{"frame":91,"values":[0.8639,0.005,0.5037,0,0.1082,0.9748,-0.1951,0,0.492,-0.2231,-0.8416,0,-0.2096,88.2198,-100.3557,1]},
{"frame":92,"values":[0.8495,0.0085,0.5276,0,0.1106,0.9748,-0.1938,0,0.5159,-0.223,-0.8271,0,-1.1346,87.9716,-101.3417,1]},
{"frame":93,"values":[0.8355,0.0145,0.5492,0,0.108,0.9758,-0.1901,0,0.5387,-0.2182,-0.8137,0,-1.9819,87.7575,-102.3168,1]},
{"frame":94,"values":[0.8238,0.0212,0.5665,0,0.1051,0.9763,-0.1893,0,0.5571,-0.2155,-0.802,0,-2.7341,87.6306,-103.2806,1]},
{"frame":95,"values":[0.8145,0.0275,0.5795,0,0.1047,0.9755,-0.1935,0,0.5706,-0.2183,-0.7917,0,-3.39,87.622,-104.2536,1]},
{"frame":96,"values":[0.8081,0.0327,0.5882,0,0.1059,0.9741,-0.1996,0,0.5795,-0.2236,-0.7837,0,-3.9657,87.7333,-105.2694,1]},
{"frame":97,"values":[0.8042,0.036,0.5933,0,0.1065,0.9733,-0.2034,0,0.5848,-0.2267,-0.7788,0,-4.4662,87.9722,-106.3711,1]},
{"frame":98,"values":[0.8007,0.0374,0.5979,0,0.1062,0.9734,-0.2032,0,0.5896,-0.2262,-0.7754,0,-4.86,88.3357,-107.5528,1]},
{"frame":99,"values":[0.7947,0.0391,0.6057,0,0.1046,0.9742,-0.2,0,0.5979,-0.2223,-0.7701,0,-5.1138,88.82,-108.751,1]},
{"frame":100,"values":[0.7859,0.0439,0.6168,0,0.099,0.9757,-0.1956,0,0.6104,-0.2148,-0.7624,0,-5.224,89.4149,-109.8877,1]},
{"frame":101,"values":[0.7775,0.0516,0.6267,0,0.0882,0.9778,-0.19,0,0.6226,-0.203,-0.7557,0,-5.2082,90.0756,-110.9206,1]},
{"frame":102,"values":[0.7749,0.0594,0.6293,0,0.0739,0.9803,-0.1834,0,0.6278,-0.1886,-0.7552,0,-5.1081,90.7615,-111.8866,1]},
{"frame":103,"values":[0.7804,0.0643,0.622,0,0.06,0.9824,-0.1768,0,0.6225,-0.1753,-0.7628,0,-4.9669,91.4472,-112.8456,1]},
{"frame":104,"values":[0.7916,0.0657,0.6075,0,0.049,0.9842,-0.1702,0,0.6091,-0.1645,-0.7758,0,-4.7975,92.1054,-113.8084,1]},
{"frame":105,"values":[0.8041,0.0644,0.591,0,0.0403,0.9859,-0.1623,0,0.5932,-0.1543,-0.7902,0,-4.5818,92.7006,-114.7421,1]},
{"frame":106,"values":[0.8153,0.062,0.5757,0,0.0322,0.9879,-0.152,0,0.5781,-0.1425,-0.8034,0,-4.301,93.2009,-115.6224,1]},
{"frame":107,"values":[0.8254,0.0592,0.5615,0,0.0245,0.9898,-0.1404,0,0.5641,-0.1296,-0.8155,0,-3.9742,93.6168,-116.4811,1]},
{"frame":108,"values":[0.8349,0.0563,0.5475,0,0.0185,0.9913,-0.1301,0,0.5501,-0.1187,-0.8266,0,-3.6493,93.989,-117.3813,1]},
{"frame":109,"values":[0.8434,0.0529,0.5346,0,0.0151,0.9924,-0.1221,0,0.537,-0.1111,-0.8362,0,-3.3608,94.3508,-118.3702,1]},
{"frame":110,"values":[0.8501,0.0476,0.5245,0,0.0149,0.9933,-0.1143,0,0.5264,-0.105,-0.8437,0,-3.1028,94.6647,-119.433,1]},
{"frame":111,"values":[0.8552,0.0409,0.5167,0,0.0158,0.9944,-0.1048,0,0.518,-0.0978,-0.8497,0,-2.8529,94.9109,-120.5462,1]},
{"frame":112,"values":[0.8603,0.0344,0.5085,0,0.0158,0.9954,-0.094,0,0.5095,-0.0889,-0.8559,0,-2.5929,95.089,-121.6787,1]},
{"frame":113,"values":[0.8669,0.0293,0.4976,0,0.0144,0.9964,-0.0838,0,0.4983,-0.0798,-0.8633,0,-2.3113,95.2141,-122.7996,1]},
{"frame":114,"values":[0.8751,0.0252,0.4833,0,0.0131,0.997,-0.0759,0,0.4838,-0.0727,-0.8721,0,-1.9956,95.2981,-123.8894,1]},
{"frame":115,"values":[0.8841,0.0213,0.4669,0,0.0135,0.9974,-0.071,0,0.4672,-0.0691,-0.8815,0,-1.6369,95.3366,-124.9438,1]},
{"frame":116,"values":[0.8927,0.0175,0.4502,0,0.0154,0.9975,-0.0692,0,0.4503,-0.0687,-0.8902,0,-1.2529,95.3326,-125.9833,1]},
{"frame":117,"values":[0.9003,0.0151,0.4351,0,0.0168,0.9974,-0.0694,0,0.435,-0.0698,-0.8977,0,-0.8975,95.304,-127.0476,1]},
{"frame":118,"values":[0.9062,0.0166,0.4226,0,0.0149,0.9973,-0.0712,0,0.4227,-0.0709,-0.9035,0,-0.6285,95.308,-128.1814,1]},
{"frame":119,"values":[0.9103,0.0194,0.4135,0,0.0121,0.9972,-0.0733,0,0.4138,-0.0717,-0.9075,0,-0.4551,95.3082,-129.3796,1]},
{"frame":120,"values":[0.913,0.0185,0.4076,0,0.0129,0.9972,-0.0741,0,0.4078,-0.0729,-0.9101,0,-0.331,95.2288,-130.6129,1]},
{"frame":121,"values":[0.9153,0.013,0.4026,0,0.0182,0.9971,-0.0736,0,0.4024,-0.0747,-0.9124,0,-0.1958,95.0727,-131.8804,1]},
{"frame":122,"values":[0.9187,0.0057,0.3949,0,0.0247,0.9971,-0.0719,0,0.3942,-0.0759,-0.9159,0,0,94.9104,-133.2132,1]}],"loopBehavior":1,"name":"anim","property":"_matrix"}},
{"name":"Spine","index":1,"matrix":[0.9966,0.0712,0.0421,0,-0.0741,0.9946,0.0728,0,-0.0367,-0.0757,0.9965,0,0,9.5263,1.6438,1],"rest":[1,0,0,0,0,1,0,0,0,0,1,0,0,9.5263,1.6438,1],"parentBoneIndex":0,"length":11.1958
,"animation":{"dataType":3,"framePerSecond":30,"keys":[
{"frame":1,"values":[0.9966,0.0712,0.0421,0,-0.0741,0.9946,0.0728,0,-0.0367,-0.0757,0.9965,0,0,9.5263,1.6438,1]},
{"frame":2,"values":[0.997,0.065,0.0409,0,-0.0679,0.995,0.0732,0,-0.036,-0.0757,0.9965,0,0,9.5263,1.6438,1]},
{"frame":3,"values":[0.9975,0.0591,0.0388,0,-0.0618,0.9953,0.0739,0,-0.0342,-0.0761,0.9965,0,0,9.5263,1.6438,1]},
{"frame":4,"values":[0.9979,0.0537,0.0352,0,-0.0562,0.9956,0.0751,0,-0.031,-0.0769,0.9966,0,0,9.5263,1.6438,1]},
{"frame":5,"values":[0.9984,0.048,0.03,0,-0.0502,0.9957,0.0774,0,-0.0261,-0.0788,0.9966,0,0,9.5263,1.6438,1]},
{"frame":6,"values":[0.9989,0.0403,0.0227,0,-0.042,0.9957,0.0821,0,-0.0193,-0.083,0.9964,0,0,9.5263,1.6438,1]},
{"frame":7,"values":[0.9995,0.0288,0.013,0,-0.0299,0.9954,0.0906,0,-0.0103,-0.0909,0.9958,0,0,9.5263,1.6438,1]},
{"frame":8,"values":[0.9999,0.013,0.0007,0,-0.013,0.9947,0.1023,0,0.0007,-0.1023,0.9948,0,0,9.5263,1.6438,1]},
{"frame":9,"values":[0.9999,-0.007,-0.0131,0,0.0084,0.9933,0.115,0,0.0122,-0.115,0.9933,0,0,9.5263,1.6438,1]},
{"frame":10,"values":[0.9992,-0.03,-0.025,0,0.0329,0.9915,0.1259,0,0.021,-0.1266,0.9917,0,0,9.5263,1.6438,1]},
{"frame":11,"values":[0.9981,-0.0523,-0.0316,0,0.0561,0.9894,0.1341,0,0.0243,-0.1356,0.9905,0,0,9.5263,1.6438,1]},
{"frame":12,"values":[0.9972,-0.0676,-0.032,0,0.0715,0.9874,0.1409,0,0.0221,-0.1428,0.9895,0,0,9.5263,1.6438,1]},
{"frame":13,"values":[0.997,-0.0724,-0.0286,0,0.0758,0.9861,0.1479,0,0.0175,-0.1497,0.9886,0,0,9.5263,1.6438,1]},
{"frame":14,"values":[0.9972,-0.0704,-0.0252,0,0.0735,0.9852,0.1551,0,0.0139,-0.1565,0.9876,0,0,9.5263,1.6438,1]},
{"frame":15,"values":[0.9972,-0.0703,-0.0238,0,0.0733,0.9844,0.1603,0,0.0122,-0.1616,0.9868,0,0,9.5263,1.6438,1]},
{"frame":16,"values":[0.9968,-0.0763,-0.0244,0,0.0792,0.9836,0.1617,0,0.0116,-0.1632,0.9865,0,0,9.5263,1.6438,1]},
{"frame":17,"values":[0.9961,-0.0847,-0.0257,0,0.0877,0.9832,0.1602,0,0.0117,-0.1618,0.9868,0,0,9.5263,1.6438,1]},
{"frame":18,"values":[0.9956,-0.09,-0.0276,0,0.0932,0.983,0.1581,0,0.0129,-0.1599,0.987,0,0,9.5263,1.6438,1]},
{"frame":19,"values":[0.9954,-0.0908,-0.0303,0,0.0944,0.983,0.1573,0,0.0155,-0.1594,0.9871,0,0,9.5263,1.6438,1]},
{"frame":20,"values":[0.9954,-0.0899,-0.0337,0,0.0941,0.983,0.1576,0,0.019,-0.16,0.9869,0,0,9.5263,1.6438,1]},
{"frame":21,"values":[0.9952,-0.0901,-0.0373,0,0.0949,0.9829,0.1577,0,0.0224,-0.1605,0.9868,0,0,9.5263,1.6438,1]},
{"frame":22,"values":[0.995,-0.0917,-0.0406,0,0.0969,0.9828,0.157,0,0.0255,-0.1601,0.9868,0,0,9.5263,1.6438,1]},
{"frame":23,"values":[0.9947,-0.0936,-0.0435,0,0.0993,0.9828,0.1557,0,0.0282,-0.1592,0.9868,0,0,9.5263,1.6438,1]},
{"frame":24,"values":[0.9944,-0.0953,-0.0463,0,0.1013,0.9828,0.1542,0,0.0308,-0.158,0.987,0,0,9.5263,1.6438,1]},
{"frame":25,"values":[0.9941,-0.097,-0.0485,0,0.1034,0.9829,0.1524,0,0.0329,-0.1565,0.9871,0,0,9.5263,1.6438,1]},
{"frame":26,"values":[0.9938,-0.0993,-0.0497,0,0.1057,0.983,0.15,0,0.0339,-0.1543,0.9874,0,0,9.5263,1.6438,1]},
{"frame":27,"values":[0.9935,-0.1023,-0.0499,0,0.1086,0.9831,0.1473,0,0.034,-0.1517,0.9878,0,0,9.5263,1.6438,1]},
{"frame":28,"values":[0.9931,-0.106,-0.0499,0,0.1122,0.9831,0.1446,0,0.0337,-0.1492,0.9882,0,0,9.5263,1.6438,1]},
{"frame":29,"values":[0.9926,-0.1106,-0.0505,0,0.1168,0.9829,0.1423,0,0.0339,-0.1471,0.9885,0,0,9.5263,1.6438,1]},
{"frame":30,"values":[0.9919,-0.1155,-0.052,0,0.1218,0.9826,0.1404,0,0.0349,-0.1456,0.9887,0,0,9.5263,1.6438,1]},
{"frame":31,"values":[0.9914,-0.1192,-0.0542,0,0.1257,0.9823,0.1386,0,0.0367,-0.1442,0.9889,0,0,9.5263,1.6438,1]},
{"frame":32,"values":[0.9912,-0.1196,-0.0564,0,0.1264,0.9825,0.1369,0,0.0391,-0.1428,0.989,0,0,9.5263,1.6438,1]},
{"frame":33,"values":[0.9916,-0.1154,-0.0582,0,0.1224,0.9832,0.1355,0,0.0416,-0.1415,0.9891,0,0,9.5263,1.6438,1]},
{"frame":34,"values":[0.9925,-0.1071,-0.0593,0,0.1143,0.9843,0.1348,0,0.044,-0.1405,0.9891,0,0,9.5263,1.6438,1]},
{"frame":35,"values":[0.9934,-0.0975,-0.0598,0,0.1048,0.9853,0.135,0,0.0458,-0.1404,0.989,0,0,9.5263,1.6438,1]},
{"frame":36,"values":[0.9942,-0.0895,-0.0597,0,0.097,0.9859,0.1362,0,0.0467,-0.1412,0.9889,0,0,9.5263,1.6438,1]},
{"frame":37,"values":[0.9946,-0.0849,-0.0593,0,0.0924,0.9861,0.1378,0,0.0468,-0.1425,0.9887,0,0,9.5263,1.6438,1]},
{"frame":38,"values":[0.9948,-0.083,-0.059,0,0.0905,0.9861,0.1393,0,0.0467,-0.1439,0.9885,0,0,9.5263,1.6438,1]},
{"frame":39,"values":[0.9949,-0.082,-0.0592,0,0.0896,0.986,0.1404,0,0.0469,-0.145,0.9883,0,0,9.5263,1.6438,1]},
{"frame":40,"values":[0.995,-0.0807,-0.0596,0,0.0884,0.986,0.1412,0,0.0474,-0.1457,0.9882,0,0,9.5263,1.6438,1]},
{"frame":41,"values":[0.9951,-0.079,-0.0599,0,0.0868,0.9861,0.1417,0,0.0479,-0.1462,0.9881,0,0,9.5263,1.6438,1]},
{"frame":42,"values":[0.9952,-0.0776,-0.0602,0,0.0854,0.9862,0.1416,0,0.0484,-0.146,0.9881,0,0,9.5263,1.6438,1]},
{"frame":43,"values":[0.9952,-0.0768,-0.0607,0,0.0847,0.9864,0.1405,0,0.0491,-0.145,0.9882,0,0,9.5263,1.6438,1]},
{"frame":44,"values":[0.9952,-0.0766,-0.0614,0,0.0845,0.9868,0.1384,0,0.0499,-0.1429,0.9885,0,0,9.5263,1.6438,1]},
{"frame":45,"values":[0.9952,-0.0766,-0.0616,0,0.0844,0.9872,0.1353,0,0.0504,-0.1399,0.9889,0,0,9.5263,1.6438,1]},
{"frame":46,"values":[0.9952,-0.0766,-0.0611,0,0.0842,0.9877,0.1317,0,0.0503,-0.1362,0.9894,0,0,9.5263,1.6438,1]},
{"frame":47,"values":[0.9953,-0.0763,-0.0603,0,0.0836,0.9882,0.1281,0,0.0498,-0.1325,0.9899,0,0,9.5263,1.6438,1]},
{"frame":48,"values":[0.9954,-0.0753,-0.0596,0,0.0823,0.9887,0.125,0,0.0495,-0.1293,0.9904,0,0,9.5263,1.6438,1]},
{"frame":49,"values":[0.9956,-0.0731,-0.059,0,0.0799,0.9892,0.1228,0,0.0494,-0.1269,0.9907,0,0,9.5263,1.6438,1]},
{"frame":50,"values":[0.9959,-0.0696,-0.0584,0,0.0763,0.9897,0.1212,0,0.0493,-0.1251,0.9909,0,0,9.5263,1.6438,1]},
{"frame":51,"values":[0.9962,-0.0654,-0.0574,0,0.0719,0.9902,0.1196,0,0.049,-0.1233,0.9912,0,0,9.5263,1.6438,1]},
{"frame":52,"values":[0.9965,-0.0613,-0.0564,0,0.0676,0.9907,0.1178,0,0.0487,-0.1212,0.9914,0,0,9.5263,1.6438,1]},
{"frame":53,"values":[0.9968,-0.0578,-0.0556,0,0.0639,0.9912,0.1161,0,0.0484,-0.1193,0.9917,0,0,9.5263,1.6438,1]},
{"frame":54,"values":[0.997,-0.0551,-0.0547,0,0.0611,0.9915,0.1151,0,0.0479,-0.1181,0.9918,0,0,9.5263,1.6438,1]},
{"frame":55,"values":[0.9972,-0.0529,-0.0537,0,0.0588,0.9916,0.1149,0,0.0472,-0.1178,0.9919,0,0,9.5263,1.6438,1]},
{"frame":56,"values":[0.9973,-0.051,-0.0524,0,0.0568,0.9917,0.1153,0,0.0461,-0.118,0.9919,0,0,9.5263,1.6438,1]},
{"frame":57,"values":[0.9975,-0.0495,-0.051,0,0.0552,0.9917,0.1159,0,0.0449,-0.1184,0.9919,0,0,9.5263,1.6438,1]},
{"frame":58,"values":[0.9976,-0.0484,-0.0494,0,0.0539,0.9917,0.1166,0,0.0434,-0.1189,0.992,0,0,9.5263,1.6438,1]},
{"frame":59,"values":[0.9978,-0.047,-0.0475,0,0.0523,0.9917,0.1173,0,0.0416,-0.1195,0.992,0,0,9.5263,1.6438,1]},
{"frame":60,"values":[0.998,-0.0444,-0.0451,0,0.0495,0.9918,0.1182,0,0.0395,-0.1202,0.992,0,0,9.5263,1.6438,1]},
{"frame":61,"values":[0.9983,-0.0401,-0.0422,0,0.0449,0.9918,0.1192,0,0.0371,-0.1209,0.992,0,0,9.5263,1.6438,1]},
{"frame":62,"values":[0.9987,-0.034,-0.0391,0,0.0384,0.992,0.1204,0,0.0347,-0.1217,0.992,0,0,9.5263,1.6438,1]},
{"frame":63,"values":[0.999,-0.0254,-0.0359,0,0.0296,0.9921,0.1218,0,0.0326,-0.1227,0.9919,0,0,9.5263,1.6438,1]},
{"frame":64,"values":[0.9994,-0.0143,-0.0328,0,0.0182,0.9922,0.1234,0,0.0307,-0.124,0.9918,0,0,9.5263,1.6438,1]},
{"frame":65,"values":[0.9996,-0.0018,-0.0296,0,0.0055,0.9921,0.1252,0,0.0292,-0.1253,0.9917,0,0,9.5263,1.6438,1]},
{"frame":66,"values":[0.9996,0.0101,-0.0266,0,-0.0066,0.9919,0.127,0,0.0277,-0.1268,0.9915,0,0,9.5263,1.6438,1]},
{"frame":67,"values":[0.9995,0.0193,-0.0237,0,-0.0161,0.9916,0.1286,0,0.026,-0.1281,0.9914,0,0,9.5263,1.6438,1]},
{"frame":68,"values":[0.9995,0.0248,-0.0206,0,-0.0219,0.9913,0.1298,0,0.0237,-0.1292,0.9913,0,0,9.5263,1.6438,1]},
{"frame":69,"values":[0.9995,0.0275,-0.0172,0,-0.025,0.9911,0.1305,0,0.0207,-0.13,0.9913,0,0,9.5263,1.6438,1]},
{"frame":70,"values":[0.9994,0.0311,-0.0142,0,-0.029,0.991,0.131,0,0.0181,-0.1305,0.9913,0,0,9.5263,1.6438,1]},
{"frame":71,"values":[0.9991,0.0403,-0.0122,0,-0.0384,0.9905,0.132,0,0.0174,-0.1314,0.9912,0,0,9.5263,1.6438,1]},
{"frame":72,"values":[0.9984,0.0551,-0.011,0,-0.0531,0.9895,0.1343,0,0.0183,-0.1335,0.9909,0,0,9.5263,1.6438,1]},
{"frame":73,"values":[0.9976,0.0689,-0.0087,0,-0.0671,0.9883,0.1369,0,0.018,-0.136,0.9905,0,0,9.5263,1.6438,1]},
{"frame":74,"values":[0.9971,0.0761,-0.0044,0,-0.0748,0.9876,0.1384,0,0.0148,-0.1376,0.9904,0,0,9.5263,1.6438,1]},
{"frame":75,"values":[0.9971,0.0767,0.0011,0,-0.0761,0.9875,0.1378,0,0.0095,-0.1375,0.9905,0,0,9.5263,1.6438,1]},
{"frame":76,"values":[0.9972,0.0745,0.006,0,-0.0746,0.9878,0.1364,0,0.0043,-0.1365,0.9906,0,0,9.5263,1.6438,1]},
{"frame":77,"values":[0.9973,0.073,0.0092,0,-0.0735,0.988,0.1361,0,0.0009,-0.1364,0.9907,0,0,9.5263,1.6438,1]},
{"frame":78,"values":[0.9973,0.0731,0.011,0,-0.074,0.9877,0.1375,0,-0.0008,-0.1379,0.9904,0,0,9.5263,1.6438,1]},
{"frame":79,"values":[0.9972,0.0745,0.0117,0,-0.0754,0.9873,0.1397,0,-0.0011,-0.1402,0.9901,0,0,9.5263,1.6438,1]},
{"frame":80,"values":[0.997,0.076,0.0114,0,-0.0768,0.9869,0.1421,0,-0.0005,-0.1426,0.9898,0,0,9.5263,1.6438,1]},
{"frame":81,"values":[0.997,0.0771,0.0101,0,-0.0778,0.9865,0.1443,0,0.0012,-0.1446,0.9895,0,0,9.5263,1.6438,1]},
{"frame":82,"values":[0.9969,0.0782,0.0078,0,-0.0785,0.9861,0.1461,0,0.0038,-0.1463,0.9892,0,0,9.5263,1.6438,1]},
{"frame":83,"values":[0.9968,0.0795,0.0049,0,-0.0793,0.9859,0.1473,0,0.0068,-0.1472,0.9891,0,0,9.5263,1.6438,1]},
{"frame":84,"values":[0.9967,0.0808,0.0022,0,-0.0802,0.9858,0.1476,0,0.0098,-0.1473,0.989,0,0,9.5263,1.6438,1]},
{"frame":85,"values":[0.9967,0.0815,-0.0003,0,-0.0806,0.9858,0.1476,0,0.0123,-0.1471,0.989,0,0,9.5263,1.6438,1]},
{"frame":86,"values":[0.9966,0.0819,-0.0024,0,-0.0806,0.9857,0.1481,0,0.0145,-0.1474,0.989,0,0,9.5263,1.6438,1]},
{"frame":87,"values":[0.9966,0.0823,-0.0043,0,-0.0807,0.9855,0.149,0,0.0165,-0.1481,0.9888,0,0,9.5263,1.6438,1]},
{"frame":88,"values":[0.9965,0.0833,-0.006,0,-0.0815,0.9854,0.1494,0,0.0184,-0.1484,0.9888,0,0,9.5263,1.6438,1]},
{"frame":89,"values":[0.9963,0.0854,-0.0076,0,-0.0833,0.9854,0.1483,0,0.0201,-0.1472,0.9889,0,0,9.5263,1.6438,1]},
{"frame":90,"values":[0.996,0.0891,-0.0088,0,-0.0868,0.9855,0.1461,0,0.0217,-0.1447,0.9892,0,0,9.5263,1.6438,1]},
{"frame":91,"values":[0.9954,0.095,-0.0097,0,-0.0927,0.9853,0.1437,0,0.0232,-0.1422,0.9896,0,0,9.5263,1.6438,1]},
{"frame":92,"values":[0.9946,0.1035,-0.0101,0,-0.101,0.9847,0.1421,0,0.0247,-0.1403,0.9898,0,0,9.5263,1.6438,1]},
{"frame":93,"values":[0.9935,0.113,-0.0102,0,-0.1104,0.9839,0.1407,0,0.0259,-0.1386,0.99,0,0,9.5263,1.6438,1]},
{"frame":94,"values":[0.9926,0.1209,-0.01,0,-0.1183,0.9833,0.1385,0,0.0266,-0.1363,0.9903,0,0,9.5263,1.6438,1]},
{"frame":95,"values":[0.9922,0.1246,-0.0098,0,-0.1222,0.9833,0.1352,0,0.0265,-0.1329,0.9908,0,0,9.5263,1.6438,1]},
{"frame":96,"values":[0.9923,0.1237,-0.0092,0,-0.1214,0.9839,0.1312,0,0.0253,-0.1291,0.9913,0,0,9.5263,1.6438,1]},
{"frame":97,"values":[0.9928,0.1198,-0.008,0,-0.1179,0.9849,0.1271,0,0.0231,-0.1252,0.9919,0,0,9.5263,1.6438,1]},
{"frame":98,"values":[0.9932,0.1159,-0.0055,0,-0.1144,0.9858,0.1228,0,0.0196,-0.1214,0.9924,0,0,9.5263,1.6438,1]},
{"frame":99,"values":[0.9935,0.1137,-0.0015,0,-0.1127,0.9865,0.1184,0,0.0149,-0.1175,0.993,0,0,9.5263,1.6438,1]},
{"frame":100,"values":[0.9936,0.1132,0.0037,0,-0.1129,0.987,0.1144,0,0.0093,-0.1141,0.9934,0,0,9.5263,1.6438,1]},
{"frame":101,"values":[0.9936,0.113,0.0089,0,-0.1133,0.9873,0.1114,0,0.0038,-0.1117,0.9937,0,0,9.5263,1.6438,1]},
{"frame":102,"values":[0.9937,0.1117,0.0127,0,-0.1125,0.9876,0.1098,0,-0.0002,-0.1105,0.9939,0,0,9.5263,1.6438,1]},
{"frame":103,"values":[0.9939,0.1089,0.0145,0,-0.1098,0.988,0.1089,0,-0.0025,-0.1099,0.9939,0,0,9.5263,1.6438,1]},
{"frame":104,"values":[0.9943,0.1056,0.015,0,-0.1066,0.9884,0.1081,0,-0.0034,-0.1091,0.994,0,0,9.5263,1.6438,1]},
{"frame":105,"values":[0.9945,0.1038,0.0151,0,-0.1048,0.9887,0.107,0,-0.0038,-0.108,0.9941,0,0,9.5263,1.6438,1]},
{"frame":106,"values":[0.9944,0.1044,0.0154,0,-0.1055,0.9888,0.1056,0,-0.0042,-0.1066,0.9943,0,0,9.5263,1.6438,1]},
{"frame":107,"values":[0.9942,0.1062,0.0164,0,-0.1073,0.9888,0.1037,0,-0.0052,-0.1049,0.9945,0,0,9.5263,1.6438,1]},
{"frame":108,"values":[0.9941,0.107,0.0182,0,-0.1083,0.9889,0.1014,0,-0.0072,-0.1028,0.9947,0,0,9.5263,1.6438,1]},
{"frame":109,"values":[0.9942,0.1056,0.0214,0,-0.1072,0.9893,0.0986,0,-0.0108,-0.1003,0.9949,0,0,9.5263,1.6438,1]},
{"frame":110,"values":[0.9943,0.1031,0.0259,0,-0.1052,0.9899,0.0954,0,-0.0158,-0.0976,0.9951,0,0,9.5263,1.6438,1]},
{"frame":111,"values":[0.9944,0.1011,0.0308,0,-0.1035,0.9904,0.0918,0,-0.0212,-0.0945,0.9953,0,0,9.5263,1.6438,1]},
{"frame":112,"values":[0.9944,0.0998,0.0346,0,-0.1025,0.9908,0.088,0,-0.0255,-0.0911,0.9955,0,0,9.5263,1.6438,1]},
{"frame":113,"values":[0.9944,0.099,0.0365,0,-0.1018,0.9912,0.0844,0,-0.0279,-0.0876,0.9958,0,0,9.5263,1.6438,1]},
{"frame":114,"values":[0.9944,0.0988,0.0371,0,-0.1016,0.9915,0.0812,0,-0.0288,-0.0845,0.996,0,0,9.5263,1.6438,1]},
{"frame":115,"values":[0.9943,0.0998,0.0373,0,-0.1025,0.9916,0.0787,0,-0.0291,-0.082,0.9962,0,0,9.5263,1.6438,1]},
{"frame":116,"values":[0.9941,0.1013,0.0377,0,-0.1039,0.9916,0.0767,0,-0.0296,-0.0801,0.9963,0,0,9.5263,1.6438,1]},
{"frame":117,"values":[0.9942,0.1007,0.0385,0,-0.1033,0.9918,0.0751,0,-0.0307,-0.0786,0.9964,0,0,9.5263,1.6438,1]},
{"frame":118,"values":[0.9946,0.0958,0.0396,0,-0.0986,0.9924,0.0741,0,-0.0322,-0.0776,0.9965,0,0,9.5263,1.6438,1]},
{"frame":119,"values":[0.9953,0.088,0.0408,0,-0.0908,0.9931,0.0736,0,-0.034,-0.077,0.9965,0,0,9.5263,1.6438,1]},
{"frame":120,"values":[0.9959,0.0804,0.0418,0,-0.0833,0.9938,0.0734,0,-0.0356,-0.0765,0.9964,0,0,9.5263,1.6438,1]},
{"frame":121,"values":[0.9963,0.075,0.0423,0,-0.078,0.9943,0.0731,0,-0.0366,-0.0761,0.9964,0,0,9.5263,1.6438,1]},
{"frame":122,"values":[0.9966,0.0712,0.0421,0,-0.0741,0.9946,0.0728,0,-0.0367,-0.0757,0.9965,0,0,9.5263,1.6438,1]}],"loopBehavior":1,"name":"anim","property":"_matrix"}},
{"name":"Spine1","index":2,"matrix":[0.9924,0.1005,0.0712,0,-0.1101,0.9829,0.1475,0,-0.0551,-0.1542,0.9865,0,0,11.1946,0.1606,1],"rest":[1,0,0,0,0,1,0,0,0,0,1,0,0,11.1946,0.1606,1],"parentBoneIndex":1,"length":10.3806
,"animation":{"dataType":3,"framePerSecond":30,"keys":[
{"frame":1,"values":[0.9924,0.1005,0.0712,0,-0.1101,0.9829,0.1475,0,-0.0551,-0.1542,0.9865,0,0,11.1946,0.1606,1]},
{"frame":2,"values":[0.9934,0.0928,0.068,0,-0.102,0.9838,0.1476,0,-0.0532,-0.1535,0.9867,0,0,11.1946,0.1606,1]},
{"frame":3,"values":[0.9944,0.0848,0.0637,0,-0.0934,0.9845,0.1486,0,-0.0501,-0.1537,0.9869,0,0,11.1946,0.1606,1]},
{"frame":4,"values":[0.9955,0.0761,0.0571,0,-0.0839,0.985,0.1507,0,-0.0448,-0.1548,0.9869,0,0,11.1946,0.1606,1]},
{"frame":5,"values":[0.9967,0.066,0.0467,0,-0.0725,0.9852,0.1552,0,-0.0358,-0.1581,0.9868,0,0,11.1946,0.1606,1]},
{"frame":6,"values":[0.9981,0.0537,0.0308,0,-0.0581,0.9848,0.164,0,-0.0215,-0.1655,0.986,0,0,11.1946,0.1606,1]},
{"frame":7,"values":[0.9992,0.0393,0.01,0,-0.0405,0.9831,0.1786,0,-0.0028,-0.1789,0.9839,0,0,11.1946,0.1606,1]},
{"frame":8,"values":[0.9996,0.0232,-0.0128,0,-0.0202,0.9799,0.1985,0,0.0171,-0.1982,0.98,0,0,11.1946,0.1606,1]},
{"frame":9,"values":[0.9994,0.0057,-0.0335,0,0.0019,0.9754,0.2203,0,0.0339,-0.2202,0.9749,0,0,11.1946,0.1606,1]},
{"frame":10,"values":[0.9987,-0.0135,-0.0488,0,0.0249,0.9705,0.2398,0,0.0442,-0.2407,0.9696,0,0,11.1946,0.1606,1]},
{"frame":11,"values":[0.9978,-0.0329,-0.0571,0,0.0464,0.9658,0.2553,0,0.0468,-0.2574,0.9652,0,0,11.1946,0.1606,1]},
{"frame":12,"values":[0.9971,-0.0489,-0.0579,0,0.0627,0.9613,0.2681,0,0.0426,-0.271,0.9616,0,0,11.1946,0.1606,1]},
{"frame":13,"values":[0.9968,-0.0592,-0.0529,0,0.0717,0.957,0.2811,0,0.034,-0.284,0.9582,0,0,11.1946,0.1606,1]},
{"frame":14,"values":[0.9968,-0.0651,-0.0458,0,0.0757,0.9527,0.2945,0,0.0244,-0.297,0.9546,0,0,11.1946,0.1606,1]},
{"frame":15,"values":[0.9966,-0.071,-0.0406,0,0.0801,0.9491,0.3047,0,0.0169,-0.307,0.9516,0,0,11.1946,0.1606,1]},
{"frame":16,"values":[0.996,-0.0795,-0.0395,0,0.0879,0.9472,0.3085,0,0.0128,-0.3108,0.9504,0,0,11.1946,0.1606,1]},
{"frame":17,"values":[0.9952,-0.0887,-0.0424,0,0.0974,0.9469,0.3064,0,0.013,-0.309,0.951,0,0,11.1946,0.1606,1]},
{"frame":18,"values":[0.9943,-0.095,-0.0485,0,0.1052,0.9473,0.3027,0,0.0172,-0.3061,0.9519,0,0,11.1946,0.1606,1]},
{"frame":19,"values":[0.9936,-0.0974,-0.0566,0,0.11,0.9473,0.301,0,0.0243,-0.3053,0.9519,0,0,11.1946,0.1606,1]},
{"frame":20,"values":[0.9931,-0.0978,-0.0653,0,0.1131,0.9468,0.3012,0,0.0324,-0.3065,0.9513,0,0,11.1946,0.1606,1]},
{"frame":21,"values":[0.9924,-0.0987,-0.0734,0,0.1164,0.9465,0.3011,0,0.0398,-0.3074,0.9508,0,0,11.1946,0.1606,1]},
{"frame":22,"values":[0.9917,-0.1005,-0.0805,0,0.1202,0.9465,0.2994,0,0.0461,-0.3066,0.9507,0,0,11.1946,0.1606,1]},
{"frame":23,"values":[0.9909,-0.1027,-0.0872,0,0.1242,0.9469,0.2965,0,0.0521,-0.3046,0.951,0,0,11.1946,0.1606,1]},
{"frame":24,"values":[0.9901,-0.1045,-0.0936,0,0.1277,0.9476,0.293,0,0.0581,-0.302,0.9515,0,0,11.1946,0.1606,1]},
{"frame":25,"values":[0.9894,-0.1062,-0.0989,0,0.1307,0.9484,0.2888,0,0.0631,-0.2987,0.9523,0,0,11.1946,0.1606,1]},
{"frame":26,"values":[0.9889,-0.1084,-0.1021,0,0.1334,0.9495,0.2839,0,0.0662,-0.2943,0.9534,0,0,11.1946,0.1606,1]},
{"frame":27,"values":[0.9884,-0.1115,-0.1034,0,0.1363,0.9507,0.2784,0,0.0672,-0.2893,0.9549,0,0,11.1946,0.1606,1]},
{"frame":28,"values":[0.9878,-0.1155,-0.1041,0,0.1401,0.9518,0.2729,0,0.0676,-0.2842,0.9564,0,0,11.1946,0.1606,1]},
{"frame":29,"values":[0.9871,-0.12,-0.1058,0,0.1446,0.9525,0.2681,0,0.0686,-0.2799,0.9576,0,0,11.1946,0.1606,1]},
{"frame":30,"values":[0.9863,-0.1241,-0.1089,0,0.149,0.953,0.2638,0,0.071,-0.2764,0.9584,0,0,11.1946,0.1606,1]},
{"frame":31,"values":[0.9855,-0.1269,-0.1128,0,0.1526,0.9534,0.2601,0,0.0745,-0.2736,0.959,0,0,11.1946,0.1606,1]},
{"frame":32,"values":[0.9848,-0.1283,-0.1173,0,0.1548,0.954,0.2567,0,0.0789,-0.2709,0.9594,0,0,11.1946,0.1606,1]},
{"frame":33,"values":[0.9842,-0.1284,-0.1222,0,0.1561,0.9546,0.2536,0,0.0841,-0.2687,0.9595,0,0,11.1946,0.1606,1]},
{"frame":34,"values":[0.9836,-0.1277,-0.1276,0,0.1566,0.9551,0.2515,0,0.0897,-0.2673,0.9594,0,0,11.1946,0.1606,1]},
{"frame":35,"values":[0.9831,-0.1265,-0.1323,0,0.1567,0.9553,0.2509,0,0.0947,-0.2674,0.9589,0,0,11.1946,0.1606,1]},
{"frame":36,"values":[0.9828,-0.1253,-0.1355,0,0.1564,0.9551,0.2518,0,0.0978,-0.2687,0.9583,0,0,11.1946,0.1606,1]},
{"frame":37,"values":[0.9828,-0.1241,-0.1371,0,0.1559,0.9547,0.2536,0,0.0994,-0.2706,0.9575,0,0,11.1946,0.1606,1]},
{"frame":38,"values":[0.9827,-0.1232,-0.1382,0,0.1555,0.9543,0.2554,0,0.1004,-0.2724,0.9569,0,0,11.1946,0.1606,1]},
{"frame":39,"values":[0.9826,-0.1226,-0.1396,0,0.1555,0.9539,0.2567,0,0.1017,-0.2739,0.9564,0,0,11.1946,0.1606,1]},
