{"producer":{"name":"Blender","version":"2.79 (sub 0)","exporter_version":"5.6.4","file":"zombie_sin_textura.babylon"},
"autoClear":true,"clearColor":[0.0509,0.0509,0.0509],"ambientColor":[0,0,0],"gravity":[0,-9.81,0],
"materials":[{"name":"zombie_sin_textura.asdf1:Beta_HighLimbsGeoSG2.001","id":"zombie_sin_textura.asdf1:Beta_HighLimbsGeoSG2.001","ambient":[0.1114,0.2957,0.0931],"diffuse":[0.0891,0.2366,0.0745],"specular":[0.2436,0.2436,0.2436],"emissive":[0,0,0],"specularPower":19,"alpha":1,"backFaceCulling":true,"checkReadyOnlyOnce":false,"maxSimultaneousLights":4},
{"name":"zombie_sin_textura.Beta_Joints_MAT.001","id":"zombie_sin_textura.Beta_Joints_MAT.001","ambient":[0.3333,0.1245,0.101],"diffuse":[0.2667,0.0996,0.0808],"specular":[0.1496,0.1496,0.1496],"emissive":[0,0,0],"specularPower":11,"alpha":1,"backFaceCulling":true,"checkReadyOnlyOnce":false,"maxSimultaneousLights":4}],
"multiMaterials":[],
"skeletons":[{"name":"Zombie_armadura","id":0,"dimensionsAtRest":[180.6984,191.5436,26.6004],"bones":[
{"name":"mixamorig:Hips","index":0,"matrix":[0.9188,-0.0058,-0.3947,0,-0.0246,0.9971,-0.072,0,-0.394,-0.0759,-0.916,0,0.0215,96.9835,0.7552,1],"rest":[1,0,0,0,0,1,0,0,0,0,-1,0,0,103.9915,-2.0761,1],"parentBoneIndex":-1,"length":10.5592
,"animation":{"dataType":3,"framePerSecond":30,"keys":[
{"frame":1,"values":[0.9188,0.0057,0.3947,0,0.0247,0.9971,-0.072,0,0.394,-0.0759,-0.916,0,-0.0205,96.9912,0.7536,1]},
{"frame":2,"values":[0.9248,-0.0016,0.3803,0,0.0301,0.9972,-0.0691,0,0.3791,-0.0754,-0.9223,0,0.3362,96.868,-0.7818,1]},
{"frame":3,"values":[0.9343,-0.0091,0.3564,0,0.0347,0.9972,-0.0656,0,0.3548,-0.0736,-0.932,0,0.8248,96.7633,-2.4404,1]},
{"frame":4,"values":[0.9472,-0.0171,0.3203,0,0.039,0.9973,-0.062,0,0.3184,-0.0712,-0.9453,0,1.4701,96.6168,-4.2043,1]},
{"frame":5,"values":[0.9627,-0.0231,0.2696,0,0.0402,0.9975,-0.0581,0,0.2675,-0.0667,-0.9612,0,2.2986,96.4273,-6.0595,1]},
{"frame":6,"values":[0.9793,-0.024,0.2009,0,0.0349,0.9981,-0.051,0,0.1993,-0.0569,-0.9783,0,3.3507,96.1993,-7.9925,1]},
{"frame":7,"values":[0.9936,-0.0191,0.1114,0,0.0234,0.999,-0.0373,0,0.1106,-0.0397,-0.9931,0,4.647,95.9149,-9.9775,1]},
{"frame":8,"values":[0.9999,-0.0115,0.0008,0,0.0115,0.9998,-0.0177,0,0.0006,-0.0177,-0.9998,0,6.1685,95.4473,-11.9993,1]},
{"frame":9,"values":[0.9921,-0.0048,-0.1251,0,0.005,1,0.0015,0,-0.1251,0.0022,-0.9921,0,7.8932,94.6319,-14.07,1]},
{"frame":10,"values":[0.9673,-0.0005,-0.2538,0,0.0037,0.9999,0.0121,0,-0.2537,0.0127,-0.9672,0,9.7275,93.433,-16.2011,1]},
{"frame":11,"values":[0.9296,-0.0014,-0.3685,0,0.0055,0.9999,0.01,0,-0.3685,0.0113,-0.9296,0,11.6332,91.9727,-18.3463,1]},
{"frame":12,"values":[0.8912,-0.012,-0.4535,0,0.0122,0.9999,-0.0026,0,-0.4535,0.0032,-0.8913,0,13.6215,90.3664,-20.6981,1]},
{"frame":13,"values":[0.8641,-0.0332,-0.5023,0,0.0275,0.9994,-0.0187,0,-0.5026,-0.0023,-0.8645,0,15.5954,88.7915,-22.9177,1]},
{"frame":14,"values":[0.853,-0.0563,-0.5189,0,0.0456,0.9984,-0.0334,0,-0.52,-0.0048,-0.8542,0,17.3724,87.5563,-24.8766,1]},
{"frame":15,"values":[0.8531,-0.0741,-0.5165,0,0.0561,0.9971,-0.0504,0,-0.5188,-0.014,-0.8548,0,18.7962,86.9108,-26.4959,1]},
{"frame":16,"values":[0.8577,-0.0854,-0.507,0,0.0544,0.9957,-0.0755,0,-0.5112,-0.0372,-0.8586,0,19.8264,86.9185,-27.7551,1]},
{"frame":17,"values":[0.8644,-0.0935,-0.4941,0,0.0463,0.9932,-0.1069,0,-0.5007,-0.0696,-0.8628,0,20.5473,87.4014,-28.7277,1]},
{"frame":18,"values":[0.8732,-0.1008,-0.4768,0,0.0403,0.99,-0.1354,0,-0.4856,-0.099,-0.8685,0,21.0781,88.0915,-29.5399,1]},
{"frame":19,"values":[0.8829,-0.1065,-0.4572,0,0.0393,0.9873,-0.1541,0,-0.4678,-0.1181,-0.8759,0,21.4964,88.7775,-30.2947,1]},
{"frame":20,"values":[0.8912,-0.1101,-0.4401,0,0.0408,0.9856,-0.164,0,-0.4518,-0.1282,-0.8828,0,21.8339,89.3444,-31.0447,1]},
{"frame":21,"values":[0.897,-0.1128,-0.4275,0,0.0428,0.9845,-0.1698,0,-0.44,-0.134,-0.8879,0,22.1078,89.7569,-31.8208,1]},
{"frame":22,"values":[0.9011,-0.1154,-0.418,0,0.0451,0.9837,-0.1742,0,-0.4313,-0.1381,-0.8916,0,22.3372,90.0213,-32.653,1]},
{"frame":23,"values":[0.9042,-0.1167,-0.411,0,0.0466,0.9831,-0.1768,0,-0.4247,-0.1407,-0.8944,0,22.5506,90.159,-33.5566,1]},
{"frame":24,"values":[0.9061,-0.1149,-0.4071,0,0.0452,0.9832,-0.1769,0,-0.4206,-0.1419,-0.8961,0,22.7894,90.1881,-34.5138,1]},
{"frame":25,"values":[0.9067,-0.1098,-0.4073,0,0.0403,0.9837,-0.1754,0,-0.4199,-0.1426,-0.8963,0,23.0967,90.1138,-35.4856,1]},
{"frame":26,"values":[0.906,-0.1029,-0.4106,0,0.033,0.9842,-0.1738,0,-0.422,-0.1439,-0.8951,0,23.4993,89.9391,-36.4485,1]},
{"frame":27,"values":[0.9044,-0.0958,-0.4158,0,0.025,0.9847,-0.1724,0,-0.4259,-0.1455,-0.893,0,23.9982,89.6806,-37.4199,1]},
{"frame":28,"values":[0.9019,-0.0889,-0.4227,0,0.0171,0.9852,-0.1706,0,-0.4316,-0.1466,-0.8901,0,24.5781,89.3687,-38.4501,1]},
{"frame":29,"values":[0.898,-0.082,-0.4323,0,0.0096,0.9859,-0.1672,0,-0.4399,-0.146,-0.8861,0,25.2182,89.0295,-39.5811,1]},
{"frame":30,"values":[0.8921,-0.0763,-0.4454,0,0.0034,0.9868,-0.1621,0,-0.4518,-0.143,-0.8806,0,25.9026,88.6744,-40.8159,1]},
{"frame":31,"values":[0.8847,-0.0732,-0.4605,0,0.0002,0.9876,-0.1567,0,-0.4662,-0.1385,-0.8737,0,26.629,88.3304,-42.1264,1]},
{"frame":32,"values":[0.8766,-0.0732,-0.4756,0,-0.0003,0.9883,-0.1526,0,-0.4812,-0.1339,-0.8663,0,27.4026,88.0486,-43.4873,1]},
{"frame":33,"values":[0.8686,-0.076,-0.4896,0,0.0017,0.9886,-0.1504,0,-0.4955,-0.1298,-0.8589,0,28.2304,87.9367,-44.9184,1]},
{"frame":34,"values":[0.8611,-0.0805,-0.5021,0,0.0059,0.9889,-0.1484,0,-0.5084,-0.1248,-0.852,0,29.077,88.0786,-46.417,1]},
{"frame":35,"values":[0.8595,-0.0864,-0.5038,0,0.0142,0.9893,-0.1455,0,-0.511,-0.1179,-0.8515,0,29.8854,88.4721,-47.926,1]},
{"frame":36,"values":[0.8582,-0.0923,-0.5049,0,0.023,0.9896,-0.1418,0,-0.5128,-0.1101,-0.8514,0,30.5381,89.0244,-49.3114,1]},
{"frame":37,"values":[0.8574,-0.0984,-0.5051,0,0.0325,0.9899,-0.1377,0,-0.5136,-0.1017,-0.852,0,30.9902,89.6356,-50.5074,1]},
{"frame":38,"values":[0.8572,-0.1051,-0.5041,0,0.0429,0.9901,-0.1335,0,-0.5132,-0.0928,-0.8532,0,31.2823,90.2335,-51.5199,1]},
{"frame":39,"values":[0.8576,-0.1126,-0.5019,0,0.0543,0.9901,-0.1294,0,-0.5115,-0.0837,-0.8552,0,31.4771,90.7144,-52.4154,1]},
{"frame":40,"values":[0.8586,-0.1212,-0.4981,0,0.0669,0.9898,-0.1255,0,-0.5083,-0.0744,-0.858,0,31.6271,91.1035,-53.2739,1]},
{"frame":41,"values":[0.8602,-0.1298,-0.4931,0,0.0796,0.9894,-0.1215,0,-0.5036,-0.0653,-0.8614,0,31.7456,91.4618,-54.1278,1]},
{"frame":42,"values":[0.8626,-0.1378,-0.4868,0,0.0918,0.9888,-0.1173,0,-0.4975,-0.0565,-0.8656,0,31.819,91.777,-54.9674,1]},
{"frame":43,"values":[0.8657,-0.1457,-0.4789,0,0.1038,0.9882,-0.113,0,-0.4897,-0.0481,-0.8706,0,31.8329,92.0655,-55.8223,1]},
{"frame":44,"values":[0.8695,-0.1535,-0.4694,0,0.1156,0.9873,-0.1088,0,-0.4802,-0.0403,-0.8763,0,31.7678,92.3305,-56.7046,1]},
{"frame":45,"values":[0.8742,-0.161,-0.4582,0,0.1269,0.9864,-0.1046,0,-0.4688,-0.0333,-0.8827,0,31.6178,92.5732,-57.6301,1]},
{"frame":46,"values":[0.8796,-0.1678,-0.4451,0,0.1372,0.9854,-0.1005,0,-0.4555,-0.0273,-0.8898,0,31.3919,92.7912,-58.5841,1]},
{"frame":47,"values":[0.8859,-0.1737,-0.4301,0,0.1463,0.9845,-0.0964,0,-0.4402,-0.0225,-0.8976,0,31.0977,92.9831,-59.5323,1]},
{"frame":48,"values":[0.893,-0.1784,-0.4131,0,0.1538,0.9838,-0.0923,0,-0.4229,-0.0188,-0.906,0,30.7088,93.1474,-60.4717,1]},
{"frame":49,"values":[0.901,-0.1816,-0.3939,0,0.1597,0.9832,-0.0882,0,-0.4033,-0.0166,-0.9149,0,30.1735,93.2852,-61.4579,1]},
{"frame":50,"values":[0.9098,-0.1834,-0.3724,0,0.1636,0.9829,-0.0843,0,-0.3815,-0.0158,-0.9242,0,29.4945,93.3938,-62.546,1]},
{"frame":51,"values":[0.9191,-0.1846,-0.3482,0,0.1669,0.9827,-0.0806,0,-0.357,-0.016,-0.934,0,28.7905,93.4665,-63.7144,1]},
{"frame":52,"values":[0.9287,-0.1851,-0.3215,0,0.1692,0.9826,-0.077,0,-0.3301,-0.0171,-0.9438,0,28.2058,93.4999,-64.8756,1]},
{"frame":53,"values":[0.9383,-0.1844,-0.2924,0,0.1703,0.9827,-0.0734,0,-0.3009,-0.0191,-0.9535,0,27.7846,93.4908,-65.9762,1]},
{"frame":54,"values":[0.9479,-0.1823,-0.2612,0,0.1698,0.983,-0.0698,0,-0.2695,-0.0218,-0.9628,0,27.4503,93.438,-67.0522,1]},
{"frame":55,"values":[0.9572,-0.1781,-0.228,0,0.1672,0.9837,-0.0662,0,-0.2361,-0.0252,-0.9714,0,27.1033,93.3289,-68.1774,1]},
{"frame":56,"values":[0.9659,-0.1729,-0.1927,0,0.1637,0.9845,-0.0629,0,-0.2006,-0.0292,-0.9792,0,26.7169,93.1649,-69.3946,1]},
{"frame":57,"values":[0.9738,-0.166,-0.1555,0,0.1584,0.9855,-0.0599,0,-0.1632,-0.0337,-0.986,0,26.2992,92.9564,-70.6776,1]},
{"frame":58,"values":[0.9807,-0.1575,-0.1163,0,0.1516,0.9868,-0.0573,0,-0.1237,-0.0386,-0.9916,0,25.8639,92.7164,-72.0105,1]},
{"frame":59,"values":[0.9862,-0.1478,-0.075,0,0.1439,0.988,-0.0553,0,-0.0823,-0.0437,-0.9956,0,25.4201,92.4735,-73.423,1]},
{"frame":60,"values":[0.99,-0.1376,-0.0318,0,0.1357,0.9893,-0.0538,0,-0.0389,-0.049,-0.998,0,24.9686,92.2496,-74.9542,1]},
{"frame":61,"values":[0.9918,-0.1268,0.0131,0,0.1274,0.9904,-0.0529,0,0.0062,-0.0541,-0.9985,0,24.4747,92.0426,-76.5965,1]},
{"frame":62,"values":[0.9915,-0.1157,0.0593,0,0.1188,0.9915,-0.0525,0,0.0527,-0.0591,-0.9969,0,23.8578,91.8621,-78.2715,1]},
{"frame":63,"values":[0.9889,-0.1039,0.1066,0,0.11,0.9926,-0.0524,0,0.1004,-0.0636,-0.9929,0,23.0632,91.7146,-79.877,1]},
{"frame":64,"values":[0.9837,-0.0923,0.1545,0,0.1015,0.9934,-0.0527,0,0.1486,-0.0675,-0.9866,0,22.1329,91.6468,-81.3518,1]},
{"frame":65,"values":[0.976,-0.079,0.2028,0,0.0915,0.9944,-0.0534,0,0.1974,-0.0706,-0.9778,0,21.1166,91.5983,-82.6893,1]},
{"frame":66,"values":[0.9652,-0.0604,0.2546,0,0.0769,0.9955,-0.0552,0,0.2501,-0.0729,-0.9655,0,20.0121,91.522,-83.9121,1]},
{"frame":67,"values":[0.9497,-0.0352,0.3113,0,0.0564,0.9967,-0.0592,0,0.3082,-0.0738,-0.9485,0,18.7999,91.4087,-85.029,1]},
{"frame":68,"values":[0.9289,-0.0038,0.3702,0,0.0305,0.9973,-0.0661,0,0.369,-0.0727,-0.9266,0,17.452,91.2281,-86.0911,1]},
{"frame":69,"values":[0.9026,0.0302,0.4294,0,0.0025,0.9971,-0.0755,0,0.4305,-0.0693,-0.8999,0,15.996,91.006,-87.1003,1]},
{"frame":70,"values":[0.8715,0.0638,0.4862,0,-0.0245,0.9959,-0.0866,0,0.4898,-0.0636,-0.8695,0,14.4709,90.7921,-88.0728,1]},
{"frame":71,"values":[0.8372,0.0943,0.5387,0,-0.0486,0.994,-0.0985,0,0.5447,-0.0563,-0.8368,0,12.9146,90.6072,-89.0265,1]},
{"frame":72,"values":[0.8271,0.0836,0.5557,0,-0.0126,0.9914,-0.1303,0,0.5618,-0.1008,-0.8211,0,11.1499,89.4831,-90.4014,1]},
{"frame":73,"values":[0.8243,0.077,0.5609,0,0.0112,0.9883,-0.1522,0,0.5661,-0.1318,-0.8138,0,9.6594,89.0252,-91.6673,1]},
{"frame":74,"values":[0.8248,0.0768,0.5601,0,0.0236,0.9852,-0.1699,0,0.5649,-0.1534,-0.8108,0,8.5327,89.2138,-92.7578,1]},
{"frame":75,"values":[0.8253,0.0826,0.5586,0,0.0301,0.9814,-0.1896,0,0.5639,-0.1733,-0.8074,0,7.7683,89.831,-93.64,1]},
{"frame":76,"values":[0.8258,0.0908,0.5566,0,0.035,0.9768,-0.2112,0,0.5629,-0.1938,-0.8035,0,7.2643,90.5726,-94.3577,1]},
{"frame":77,"values":[0.8283,0.0969,0.5518,0,0.038,0.9729,-0.2279,0,0.5589,-0.2097,-0.8022,0,6.9137,91.2218,-94.9838,1]},
{"frame":78,"values":[0.8329,0.0987,0.5446,0,0.0379,0.9715,-0.2342,0,0.5521,-0.2157,-0.8054,0,6.659,91.6824,-95.5555,1]},
{"frame":79,"values":[0.8381,0.0961,0.5369,0,0.0359,0.9725,-0.2301,0,0.5443,-0.2121,-0.8116,0,6.4806,91.9395,-96.0571,1]},
{"frame":80,"values":[0.8438,0.0908,0.5289,0,0.0329,0.975,-0.22,0,0.5357,-0.203,-0.8197,0,6.3474,92.0542,-96.4984,1]},
{"frame":81,"values":[0.8502,0.0846,0.5197,0,0.0298,0.9777,-0.2078,0,0.5256,-0.1922,-0.8287,0,6.2214,92.0686,-96.9096,1]},
{"frame":82,"values":[0.8571,0.0779,0.5093,0,0.0279,0.98,-0.1968,0,0.5145,-0.1829,-0.8378,0,6.0651,91.9903,-97.3241,1]},
{"frame":83,"values":[0.8637,0.0704,0.499,0,0.0296,0.9814,-0.1896,0,0.5031,-0.1785,-0.8456,0,5.8355,91.8375,-97.7738,1]},
{"frame":84,"values":[0.8699,0.0617,0.4893,0,0.0357,0.9817,-0.1873,0,0.4919,-0.1804,-0.8518,0,5.4892,91.6619,-98.2891,1]},
{"frame":85,"values":[0.8755,0.0523,0.4803,0,0.0445,0.9812,-0.1878,0,0.4811,-0.1858,-0.8567,0,4.9938,91.5127,-98.8917,1]},
{"frame":86,"values":[0.8801,0.0431,0.4729,0,0.0529,0.9808,-0.1878,0,0.4719,-0.1903,-0.8609,0,4.341,91.3811,-99.5779,1]},
{"frame":87,"values":[0.883,0.0349,0.468,0,0.0601,0.9806,-0.1865,0,0.4654,-0.1928,-0.8638,0,3.5537,91.2319,-100.3185,1]},
{"frame":88,"values":[0.8839,0.0276,0.4668,0,0.0679,0.9801,-0.1865,0,0.4627,-0.1965,-0.8645,0,2.6769,91.0309,-101.0971,1]},
{"frame":89,"values":[0.8816,0.0212,0.4716,0,0.0782,0.9786,-0.1903,0,0.4656,-0.2047,-0.861,0,1.7533,90.7856,-101.9346,1]},
{"frame":90,"values":[0.8745,0.017,0.4847,0,0.0899,0.9763,-0.1966,0,0.4765,-0.2155,-0.8523,0,0.804,90.5248,-102.8613,1]},
{"frame":91,"values":[0.8627,0.017,0.5055,0,0.0985,0.9747,-0.2008,0,0.4961,-0.223,-0.8392,0,-0.1627,90.2584,-103.8678,1]},
{"frame":92,"values":[0.8482,0.0218,0.5292,0,0.1,0.9746,-0.2004,0,0.5202,-0.2229,-0.8245,0,-1.1238,89.9961,-104.9035,1]},
{"frame":93,"values":[0.8341,0.0289,0.5508,0,0.0967,0.9755,-0.1976,0,0.543,-0.2181,-0.8109,0,-2.0099,89.756,-105.9108,1]},
{"frame":94,"values":[0.8223,0.0362,0.5679,0,0.0934,0.9759,-0.1974,0,0.5614,-0.2154,-0.7991,0,-2.7901,89.6009,-106.897,1]},
{"frame":95,"values":[0.813,0.043,0.5807,0,0.0928,0.975,-0.202,0,0.5749,-0.2181,-0.7886,0,-3.4647,89.5769,-107.8954,1]},
{"frame":96,"values":[0.8065,0.0484,0.5893,0,0.0938,0.9735,-0.2084,0,0.5838,-0.2233,-0.7806,0,-4.0524,89.6834,-108.9347,1]},
{"frame":97,"values":[0.8026,0.0517,0.5943,0,0.0945,0.9726,-0.2122,0,0.589,-0.2265,-0.7757,0,-4.5613,89.9219,-110.0474,1]},
{"frame":98,"values":[0.7992,0.0528,0.5988,0,0.0945,0.9727,-0.2119,0,0.5936,-0.226,-0.7724,0,-4.9626,90.2885,-111.2259,1]},
{"frame":99,"values":[0.7933,0.054,0.6064,0,0.0932,0.9735,-0.2087,0,0.6016,-0.2221,-0.7673,0,-5.2293,90.7824,-112.4149,1]},
{"frame":100,"values":[0.7845,0.0587,0.6173,0,0.0879,0.9749,-0.2043,0,0.6138,-0.2146,-0.7597,0,-5.3687,91.4027,-113.5515,1]},
{"frame":101,"values":[0.7763,0.0664,0.6269,0,0.0771,0.977,-0.1989,0,0.6257,-0.2027,-0.7533,0,-5.3969,92.1031,-114.593,1]},
{"frame":102,"values":[0.7736,0.0742,0.6293,0,0.0627,0.9793,-0.1926,0,0.6305,-0.1884,-0.753,0,-5.3449,92.8384,-115.5698,1]},
{"frame":103,"values":[0.7792,0.0792,0.6218,0,0.0486,0.9814,-0.1859,0,0.6249,-0.1751,-0.7608,0,-5.2423,93.5767,-116.5346,1]},
{"frame":104,"values":[0.7905,0.0803,0.6072,0,0.0376,0.9831,-0.179,0,0.6113,-0.1643,-0.7742,0,-5.0976,94.2848,-117.4958,1]},
{"frame":105,"values":[0.8032,0.0787,0.5905,0,0.0289,0.9849,-0.1707,0,0.5951,-0.1541,-0.7888,0,-4.8985,94.9229,-118.4215,1]},
{"frame":106,"values":[0.8145,0.0758,0.5751,0,0.021,0.9869,-0.1599,0,0.5797,-0.1423,-0.8023,0,-4.6316,95.453,-119.287,1]},
{"frame":107,"values":[0.8247,0.0725,0.5609,0,0.0136,0.9889,-0.1478,0,0.5654,-0.1295,-0.8146,0,-4.3171,95.8857,-120.1265,1]},
{"frame":108,"values":[0.8344,0.0689,0.5469,0,0.008,0.9905,-0.1369,0,0.5511,-0.1186,-0.8259,0,-4.0004,96.2692,-121.0099,1]},
{"frame":109,"values":[0.843,0.0646,0.534,0,0.0053,0.9917,-0.1283,0,0.5379,-0.111,-0.8357,0,-3.7143,96.6391,-121.9851,1]},
{"frame":110,"values":[0.8498,0.0584,0.5239,0,0.0057,0.9928,-0.12,0,0.5271,-0.1049,-0.8433,0,-3.4526,96.9628,-123.0401,1]},
{"frame":111,"values":[0.855,0.0509,0.5161,0,0.0073,0.9939,-0.11,0,0.5185,-0.0978,-0.8495,0,-3.1947,97.2122,-124.1448,1]},
{"frame":112,"values":[0.8603,0.0434,0.508,0,0.008,0.9951,-0.0986,0,0.5098,-0.0889,-0.8557,0,-2.9239,97.3821,-125.2664,1]},
{"frame":113,"values":[0.8669,0.0373,0.4971,0,0.0075,0.9961,-0.0878,0,0.4985,-0.0798,-0.8632,0,-2.629,97.4905,-126.3778,1]},
{"frame":114,"values":[0.8751,0.0322,0.4829,0,0.007,0.9968,-0.0792,0,0.4839,-0.0727,-0.8721,0,-2.2973,97.5536,-127.4639,1]},
{"frame":115,"values":[0.8841,0.0273,0.4666,0,0.0082,0.9972,-0.0739,0,0.4673,-0.0691,-0.8814,0,-1.9205,97.5705,-128.5237,1]},
{"frame":116,"values":[0.8928,0.0226,0.4499,0,0.0107,0.9974,-0.0715,0,0.4504,-0.0687,-0.8902,0,-1.5172,97.5465,-129.5799,1]},
{"frame":117,"values":[0.9003,0.0195,0.4348,0,0.0128,0.9974,-0.0713,0,0.4351,-0.0698,-0.8977,0,-1.1382,97.5002,-130.6707,1]},
{"frame":118,"values":[0.9062,0.0201,0.4224,0,0.0118,0.9973,-0.0727,0,0.4227,-0.0709,-0.9035,0,-0.8437,97.4818,-131.8416,1]},
{"frame":119,"values":[0.9103,0.0216,0.4134,0,0.01,0.9972,-0.0742,0,0.4139,-0.0717,-0.9075,0,-0.6377,97.4521,-133.0865,1]},
{"frame":120,"values":[0.913,0.0197,0.4076,0,0.0118,0.9971,-0.0746,0,0.4079,-0.0729,-0.9101,0,-0.4685,97.3441,-134.3772,1]},
{"frame":121,"values":[0.9153,0.0135,0.4025,0,0.0177,0.9971,-0.0738,0,0.4023,-0.0747,-0.9124,0,-0.2771,97.1658,-135.7151,1]},
{"frame":122,"values":[0.9188,0.0057,0.3947,0,0.0247,0.9971,-0.072,0,0.394,-0.0759,-0.916,0,-0.0205,96.9912,-137.134,1]},
{"frame":131,"values":[0.9188,-0.0058,-0.3947,0,-0.0246,0.9971,-0.072,0,-0.394,-0.0759,-0.916,0,0.0215,96.9835,0.7552,1]},
{"frame":132,"values":[0.9248,0.0015,-0.3803,0,-0.0301,0.9972,-0.0692,0,-0.3791,-0.0754,-0.9223,0,-0.3355,96.8598,0.3595,1]},
{"frame":133,"values":[0.9343,0.009,-0.3564,0,-0.0346,0.9972,-0.0656,0,-0.3548,-0.0736,-0.932,0,-0.8243,96.7545,-0.1595,1]},
{"frame":134,"values":[0.9472,0.017,-0.3203,0,-0.0389,0.9973,-0.062,0,-0.3184,-0.0712,-0.9453,0,-1.4689,96.6076,-0.7842,1]},
{"frame":135,"values":[0.9627,0.0229,-0.2696,0,-0.04,0.9975,-0.0581,0,-0.2675,-0.0667,-0.9612,0,-2.2969,96.4206,-1.4994,1]},
{"frame":136,"values":[0.9793,0.0238,-0.2009,0,-0.0348,0.9981,-0.051,0,-0.1993,-0.0569,-0.9783,0,-3.3489,96.1925,-2.2926,1]},
{"frame":137,"values":[0.9936,0.0189,-0.1114,0,-0.0232,0.999,-0.0373,0,-0.1106,-0.0397,-0.9931,0,-4.645,95.9081,-3.1377,1]},
{"frame":138,"values":[0.9999,0.0114,-0.0008,0,-0.0114,0.9998,-0.0177,0,-0.0006,-0.0177,-0.9998,0,-6.1665,95.4402,-4.0199,1]},
{"frame":139,"values":[0.9921,0.0047,0.1251,0,-0.0049,1,0.0016,0,0.1251,0.0022,-0.9921,0,-7.8913,94.625,-4.9509,1]},
{"frame":140,"values":[0.9673,0.0004,0.2538,0,-0.0036,0.9999,0.0122,0,0.2537,0.0127,-0.9672,0,-9.7256,93.4267,-5.9425,1]},
{"frame":141,"values":[0.9296,0.0013,0.3685,0,-0.0054,0.9999,0.01,0,0.3685,0.0113,-0.9296,0,-11.6314,91.9671,-6.9482,1]},
{"frame":142,"values":[0.8912,0.0122,0.4535,0,-0.0123,0.9999,-0.0027,0,0.4535,0.0032,-0.8912,0,-13.6229,90.3537,-8.1662,1]},
{"frame":143,"values":[0.864,0.0334,0.5023,0,-0.0277,0.9994,-0.0188,0,0.5027,-0.0023,-0.8645,0,-15.5972,88.789,-9.2497,1]},
{"frame":144,"values":[0.8529,0.0565,0.5189,0,-0.0457,0.9984,-0.0335,0,0.52,-0.0048,-0.8542,0,-17.3738,87.5548,-10.0678,1]},
{"frame":145,"values":[0.8531,0.0743,0.5165,0,-0.0563,0.9971,-0.0505,0,0.5188,-0.014,-0.8548,0,-18.7975,86.9087,-10.5469,1]},
{"frame":146,"values":[0.8577,0.0855,0.507,0,-0.0546,0.9956,-0.0756,0,0.5113,-0.0372,-0.8586,0,-19.8276,86.9159,-10.6662,1]},
{"frame":147,"values":[0.8644,0.0936,0.4941,0,-0.0464,0.9932,-0.107,0,0.5007,-0.0696,-0.8628,0,-20.5484,87.3986,-10.4992,1]},
{"frame":148,"values":[0.8732,0.101,0.4768,0,-0.0405,0.9899,-0.1355,0,0.4857,-0.099,-0.8685,0,-21.0793,88.0886,-10.1719,1]},
{"frame":149,"values":[0.8829,0.1067,0.4572,0,-0.0394,0.9872,-0.1542,0,0.4679,-0.1181,-0.8759,0,-21.4976,88.7745,-9.7873,1]},
{"frame":150,"values":[0.8911,0.1103,0.4401,0,-0.0409,0.9856,-0.1641,0,0.4519,-0.1282,-0.8828,0,-21.8351,89.3415,-9.3978,1]},
{"frame":151,"values":[0.8969,0.1129,0.4275,0,-0.043,0.9845,-0.1699,0,0.4401,-0.134,-0.8879,0,-22.1091,89.7543,-9.0346,1]},
{"frame":152,"values":[0.901,0.1156,0.4181,0,-0.0453,0.9837,-0.1743,0,0.4314,-0.1381,-0.8915,0,-22.3383,90.0184,-8.7271,1]},
{"frame":153,"values":[0.9041,0.1169,0.411,0,-0.0467,0.9831,-0.1768,0,0.4247,-0.1407,-0.8943,0,-22.5519,90.1568,-8.4916,1]},
{"frame":154,"values":[0.9061,0.1151,0.4071,0,-0.0454,0.9832,-0.177,0,0.4206,-0.1419,-0.8961,0,-22.791,90.1867,-8.3099,1]},
{"frame":155,"values":[0.9067,0.11,0.4073,0,-0.0405,0.9836,-0.1755,0,0.4199,-0.1426,-0.8963,0,-23.0987,90.113,-8.1426,1]},
{"frame":156,"values":[0.906,0.1031,0.4106,0,-0.0332,0.9842,-0.1739,0,0.4221,-0.1439,-0.8951,0,-23.5014,89.9385,-7.966,1]},
{"frame":157,"values":[0.9044,0.096,0.4158,0,-0.0252,0.9847,-0.1725,0,0.426,-0.1455,-0.893,0,-24.0002,89.6798,-7.7977,1]},
{"frame":158,"values":[0.9019,0.0891,0.4227,0,-0.0173,0.9852,-0.1707,0,0.4316,-0.1466,-0.8901,0,-24.58,89.3676,-7.688,1]},
{"frame":159,"values":[0.898,0.0822,0.4323,0,-0.0097,0.9859,-0.1672,0,0.44,-0.146,-0.8861,0,-25.22,89.0281,-7.6792,1]},
{"frame":160,"values":[0.8921,0.0764,0.4454,0,-0.0036,0.9868,-0.1621,0,0.4519,-0.143,-0.8805,0,-25.9042,88.6726,-7.7739,1]},
{"frame":161,"values":[0.8846,0.0734,0.4605,0,-0.0003,0.9876,-0.1567,0,0.4663,-0.1385,-0.8737,0,-26.6303,88.3279,-7.9442,1]},
{"frame":162,"values":[0.8766,0.0734,0.4756,0,0.0001,0.9883,-0.1527,0,0.4812,-0.1339,-0.8663,0,-27.4034,88.0451,-8.1644,1]},
{"frame":163,"values":[0.8686,0.0761,0.4896,0,-0.0018,0.9886,-0.1505,0,0.4955,-0.1298,-0.8589,0,-28.2306,87.9319,-8.4544,1]},
{"frame":164,"values":[0.8611,0.0806,0.5021,0,-0.006,0.9889,-0.1484,0,0.5085,-0.1248,-0.852,0,-29.0772,88.0728,-8.8126,1]},
{"frame":165,"values":[0.8595,0.0865,0.5038,0,-0.0143,0.9893,-0.1455,0,0.511,-0.1179,-0.8515,0,-29.8855,88.4667,-9.1826,1]},
{"frame":166,"values":[0.8582,0.0924,0.5049,0,-0.0231,0.9896,-0.1419,0,0.5128,-0.1101,-0.8514,0,-30.5382,89.019,-9.4283,1]},
{"frame":167,"values":[0.8574,0.0985,0.5051,0,-0.0325,0.9899,-0.1378,0,0.5136,-0.1017,-0.852,0,-30.9902,89.6302,-9.4846,1]},
{"frame":168,"values":[0.8572,0.1052,0.5041,0,-0.043,0.9901,-0.1335,0,0.5132,-0.0928,-0.8532,0,-31.2823,90.228,-9.3574,1]},
{"frame":169,"values":[0.8576,0.1127,0.5018,0,-0.0544,0.9901,-0.1294,0,0.5115,-0.0837,-0.8552,0,-31.4771,90.7088,-9.1133,1]},
{"frame":170,"values":[0.8586,0.1213,0.4981,0,-0.067,0.9898,-0.1256,0,0.5083,-0.0744,-0.858,0,-31.6271,91.0979,-8.8321,1]},
{"frame":171,"values":[0.8602,0.1299,0.4931,0,-0.0797,0.9894,-0.1216,0,0.5036,-0.0653,-0.8614,0,-31.7456,91.4562,-8.5464,1]},
{"frame":172,"values":[0.8626,0.1379,0.4868,0,-0.0919,0.9888,-0.1173,0,0.4975,-0.0565,-0.8656,0,-31.8191,91.7714,-8.2463,1]},
{"frame":173,"values":[0.8657,0.1458,0.4789,0,-0.1039,0.9881,-0.113,0,0.4897,-0.0481,-0.8706,0,-31.833,92.0599,-7.9616,1]},
{"frame":174,"values":[0.8695,0.1537,0.4694,0,-0.1157,0.9873,-0.1088,0,0.4802,-0.0403,-0.8763,0,-31.768,92.3249,-7.7042,1]},
{"frame":175,"values":[0.8742,0.1611,0.4581,0,-0.127,0.9864,-0.1047,0,0.4688,-0.0333,-0.8827,0,-31.618,92.5675,-7.4901,1]},
{"frame":176,"values":[0.8796,0.168,0.4451,0,-0.1373,0.9854,-0.1006,0,0.4555,-0.0273,-0.8898,0,-31.3921,92.7855,-7.3044,1]},
{"frame":177,"values":[0.8859,0.1738,0.4301,0,-0.1464,0.9845,-0.0964,0,0.4402,-0.0225,-0.8976,0,-31.098,92.9774,-7.1129,1]},
{"frame":178,"values":[0.893,0.1785,0.4131,0,-0.154,0.9838,-0.0923,0,0.4229,-0.0188,-0.906,0,-30.7091,93.1417,-6.9127,1]},
{"frame":179,"values":[0.901,0.1818,0.3939,0,-0.1598,0.9832,-0.0883,0,0.4033,-0.0166,-0.9149,0,-30.1739,93.2795,-6.7592,1]},
{"frame":180,"values":[0.9098,0.1835,0.3724,0,-0.1638,0.9829,-0.0844,0,0.3815,-0.0158,-0.9242,0,-29.495,93.3882,-6.7076,1]},
{"frame":181,"values":[0.919,0.1848,0.3482,0,-0.167,0.9827,-0.0806,0,0.357,-0.016,-0.934,0,-28.791,93.4609,-6.7363,1]},
{"frame":182,"values":[0.9286,0.1852,0.3214,0,-0.1693,0.9825,-0.077,0,0.3301,-0.0171,-0.9438,0,-28.2064,93.4944,-6.7578,1]},
{"frame":183,"values":[0.9383,0.1846,0.2924,0,-0.1704,0.9826,-0.0734,0,0.3009,-0.0191,-0.9535,0,-27.7853,93.4852,-6.7187,1]},
{"frame":184,"values":[0.9479,0.1824,0.2612,0,-0.1699,0.983,-0.0698,0,0.2694,-0.0218,-0.9628,0,-27.451,93.4326,-6.655,1]},
{"frame":185,"values":[0.9572,0.1782,0.228,0,-0.1674,0.9837,-0.0662,0,0.2361,-0.0252,-0.9714,0,-27.1041,93.3235,-6.6406,1]},
{"frame":186,"values":[0.9659,0.173,0.1927,0,-0.1638,0.9845,-0.0629,0,0.2006,-0.0292,-0.9792,0,-26.7177,93.1597,-6.718,1]},
{"frame":187,"values":[0.9738,0.1662,0.1554,0,-0.1586,0.9855,-0.06,0,0.1631,-0.0337,-0.986,0,-26.3001,92.9513,-6.8612,1]},
{"frame":188,"values":[0.9806,0.1576,0.1162,0,-0.1518,0.9867,-0.0574,0,0.1237,-0.0386,-0.9916,0,-25.8649,92.7115,-7.0544,1]},
{"frame":189,"values":[0.9861,0.148,0.075,0,-0.1441,0.988,-0.0553,0,0.0823,-0.0437,-0.9957,0,-25.4211,92.4688,-7.3271,1]},
{"frame":190,"values":[0.99,0.1377,0.0318,0,-0.1359,0.9893,-0.0538,0,0.0388,-0.049,-0.998,0,-24.9698,92.2453,-7.7183,1]},
{"frame":191,"values":[0.9918,0.127,-0.0131,0,-0.1275,0.9904,-0.0529,0,-0.0062,-0.0541,-0.9985,0,-24.4761,92.0385,-8.2207,1]},
{"frame":192,"values":[0.9915,0.1158,-0.0593,0,-0.119,0.9915,-0.0524,0,-0.0527,-0.0591,-0.9969,0,-23.8592,91.8582,-8.7558,1]},
{"frame":193,"values":[0.9888,0.1041,-0.1066,0,-0.1101,0.9925,-0.0524,0,-0.1004,-0.0636,-0.9929,0,-23.0646,91.7111,-9.2214,1]},
{"frame":194,"values":[0.9837,0.0924,-0.1545,0,-0.1016,0.9934,-0.0527,0,-0.1486,-0.0675,-0.9866,0,-22.1343,91.6437,-9.5564,1]},
{"frame":195,"values":[0.976,0.0791,-0.2028,0,-0.0917,0.9944,-0.0533,0,-0.1974,-0.0707,-0.9778,0,-21.1178,91.5958,-9.7544,1]},
{"frame":196,"values":[0.9651,0.0605,-0.2546,0,-0.077,0.9955,-0.0552,0,-0.2501,-0.0729,-0.9655,0,-20.013,91.5203,-9.8378,1]},
{"frame":197,"values":[0.9497,0.0352,-0.3113,0,-0.0563,0.9967,-0.0592,0,-0.3082,-0.0738,-0.9485,0,-18.7993,91.4055,-9.816,1]},
{"frame":198,"values":[0.9289,0.0038,-0.3702,0,-0.0305,0.9973,-0.0661,0,-0.369,-0.0727,-0.9266,0,-17.4498,91.228,-9.7385,1]},
{"frame":199,"values":[0.9026,-0.0302,-0.4294,0,-0.0026,0.9971,-0.0755,0,-0.4305,-0.0693,-0.8999,0,-15.9943,91.0093,-9.6072,1]},
{"frame":200,"values":[0.8715,-0.0638,-0.4862,0,0.0246,0.9959,-0.0867,0,-0.4898,-0.0636,-0.8695,0,-14.468,90.7901,-9.444,1]},
{"frame":201,"values":[0.8372,-0.0942,-0.5387,0,0.0485,0.994,-0.0984,0,-0.5447,-0.0563,-0.8368,0,-12.9138,90.6116,-9.253,1]},
{"frame":202,"values":[0.8271,-0.0837,-0.5557,0,0.0127,0.9914,-0.1304,0,-0.5619,-0.1008,-0.8211,0,-11.1471,89.4776,-9.4952,1]},
{"frame":203,"values":[0.8243,-0.0771,-0.5609,0,-0.0112,0.9883,-0.1523,0,-0.5661,-0.1318,-0.8137,0,-9.6573,89.0196,-9.6209,1]},
{"frame":204,"values":[0.8248,-0.0769,-0.5601,0,-0.0236,0.9852,-0.17,0,-0.5649,-0.1534,-0.8108,0,-8.5308,89.2081,-9.5717,1]},
{"frame":205,"values":[0.8253,-0.0827,-0.5587,0,-0.03,0.9814,-0.1897,0,-0.564,-0.1733,-0.8074,0,-7.7664,89.8251,-9.3142,1]},
{"frame":206,"values":[0.8258,-0.0909,-0.5566,0,-0.0349,0.9768,-0.2112,0,-0.5629,-0.1938,-0.8035,0,-7.2624,90.5665,-8.8924,1]},
{"frame":207,"values":[0.8283,-0.097,-0.5518,0,-0.0379,0.9729,-0.2279,0,-0.559,-0.2097,-0.8022,0,-6.9116,91.2157,-8.3792,1]},
{"frame":208,"values":[0.8329,-0.0988,-0.5446,0,-0.0379,0.9715,-0.2342,0,-0.5522,-0.2157,-0.8054,0,-6.6594,91.6721,-7.8093,1]},
{"frame":209,"values":[0.8381,-0.0961,-0.5369,0,-0.0359,0.9725,-0.2301,0,-0.5443,-0.2121,-0.8116,0,-6.4824,91.9266,-7.17,1]},
{"frame":210,"values":[0.8438,-0.0908,-0.529,0,-0.033,0.975,-0.2199,0,-0.5357,-0.203,-0.8197,0,-6.3493,92.0412,-6.4715,1]},
{"frame":211,"values":[0.8502,-0.0845,-0.5197,0,-0.0298,0.9777,-0.2078,0,-0.5257,-0.1922,-0.8287,0,-6.2234,92.0555,-5.743,1]},
{"frame":212,"values":[0.857,-0.0778,-0.5093,0,-0.028,0.98,-0.1968,0,-0.5145,-0.1829,-0.8378,0,-6.0672,91.9773,-5.0177,1]},
{"frame":213,"values":[0.8637,-0.0701,-0.499,0,-0.0298,0.9814,-0.1895,0,-0.503,-0.1785,-0.8456,0,-5.8377,91.8312,-4.3235,1]},
{"frame":214,"values":[0.8699,-0.0615,-0.4893,0,-0.0359,0.9817,-0.1872,0,-0.4918,-0.1804,-0.8518,0,-5.4913,91.6555,-3.6992,1]},
{"frame":215,"values":[0.8755,-0.052,-0.4803,0,-0.0446,0.9812,-0.1877,0,-0.4811,-0.1858,-0.8568,0,-4.9959,91.506,-3.1624,1]},
{"frame":216,"values":[0.8801,-0.0429,-0.4729,0,-0.053,0.9808,-0.1877,0,-0.4719,-0.1903,-0.8609,0,-4.3428,91.3748,-2.7094,1]},
{"frame":217,"values":[0.8831,-0.0347,-0.468,0,-0.0602,0.9806,-0.1864,0,-0.4654,-0.1928,-0.8639,0,-3.5554,91.2256,-2.3107,1]},
{"frame":218,"values":[0.8839,-0.0274,-0.4668,0,-0.068,0.9801,-0.1864,0,-0.4627,-0.1965,-0.8645,0,-2.6785,91.0244,-1.9497,1]},
{"frame":219,"values":[0.8816,-0.0211,-0.4716,0,-0.0784,0.9786,-0.1902,0,-0.4655,-0.2047,-0.861,0,-1.755,90.7788,-1.6475,1]},
{"frame":220,"values":[0.8745,-0.0169,-0.4847,0,-0.0901,0.9763,-0.1965,0,-0.4765,-0.2155,-0.8523,0,-0.8061,90.5176,-1.4343,1]},
{"frame":221,"values":[0.8627,-0.0169,-0.5055,0,-0.0986,0.9747,-0.2008,0,-0.4961,-0.223,-0.8392,0,0.1582,90.2457,-1.3026,1]},
{"frame":222,"values":[0.8482,-0.022,-0.5293,0,-0.0999,0.9746,-0.2005,0,-0.5202,-0.2229,-0.8244,0,1.1257,89.9965,-1.2086,1]},
{"frame":223,"values":[0.8341,-0.029,-0.5508,0,-0.0966,0.9755,-0.1976,0,-0.543,-0.2181,-0.8109,0,2.0104,89.7529,-1.0732,1]},
{"frame":224,"values":[0.8223,-0.0363,-0.5679,0,-0.0933,0.9759,-0.1975,0,-0.5614,-0.2154,-0.799,0,2.7905,89.5969,-0.9189,1]},
{"frame":225,"values":[0.813,-0.043,-0.5807,0,-0.0927,0.975,-0.2021,0,-0.5749,-0.2181,-0.7886,0,3.4649,89.5728,-0.7777,1]},
{"frame":226,"values":[0.8065,-0.0485,-0.5893,0,-0.0938,0.9735,-0.2084,0,-0.5838,-0.2233,-0.7806,0,4.0525,89.6791,-0.6773,1]},
{"frame":227,"values":[0.8026,-0.0517,-0.5943,0,-0.0945,0.9726,-0.2123,0,-0.589,-0.2265,-0.7757,0,4.5612,89.9176,-0.6504,1]},
{"frame":228,"values":[0.7992,-0.0528,-0.5988,0,-0.0945,0.9727,-0.2119,0,-0.5936,-0.2259,-0.7724,0,4.9625,90.2842,-0.6893,1]},
{"frame":229,"values":[0.7933,-0.0541,-0.6064,0,-0.0931,0.9735,-0.2087,0,-0.6016,-0.2221,-0.7673,0,5.2293,90.7781,-0.7389,1]},
{"frame":230,"values":[0.7845,-0.0588,-0.6173,0,-0.0878,0.9749,-0.2044,0,-0.6138,-0.2145,-0.7597,0,5.3687,91.3983,-0.7357,1]},
{"frame":231,"values":[0.7762,-0.0665,-0.6269,0,-0.077,0.977,-0.199,0,-0.6257,-0.2027,-0.7532,0,5.3969,92.0986,-0.6377,1]},
{"frame":232,"values":[0.7736,-0.0743,-0.6293,0,-0.0626,0.9793,-0.1926,0,-0.6305,-0.1884,-0.753,0,5.3449,92.8337,-0.4748,1]},
{"frame":233,"values":[0.7792,-0.0793,-0.6218,0,-0.0486,0.9814,-0.1859,0,-0.6249,-0.1751,-0.7608,0,5.2424,93.5718,-0.3,1]},
{"frame":234,"values":[0.7905,-0.0804,-0.6072,0,-0.0375,0.9831,-0.179,0,-0.6113,-0.1643,-0.7741,0,5.0978,94.2796,-0.1216,1]},
{"frame":235,"values":[0.8032,-0.0788,-0.5905,0,-0.0289,0.9849,-0.1707,0,-0.5951,-0.1541,-0.7888,0,4.8987,94.9176,0.0923,1]},
{"frame":236,"values":[0.8145,-0.0759,-0.5751,0,-0.021,0.9869,-0.1599,0,-0.5797,-0.1423,-0.8023,0,4.6319,95.4475,0.3664,1]},
{"frame":237,"values":[0.8247,-0.0726,-0.5609,0,-0.0135,0.9889,-0.1479,0,-0.5654,-0.1295,-0.8146,0,4.3175,95.8799,0.6665,1]},
{"frame":238,"values":[0.8344,-0.069,-0.5469,0,-0.0079,0.9905,-0.137,0,-0.5512,-0.1186,-0.8259,0,4.0008,96.2633,0.9227,1]},
{"frame":239,"values":[0.843,-0.0647,-0.534,0,-0.0052,0.9917,-0.1284,0,-0.5379,-0.111,-0.8357,0,3.7147,96.633,1.0872,1]},
{"frame":240,"values":[0.8498,-0.0586,-0.5239,0,-0.0056,0.9928,-0.12,0,-0.5271,-0.1049,-0.8433,0,3.4531,96.9565,1.1719,1]},
{"frame":241,"values":[0.855,-0.051,-0.5161,0,-0.0072,0.9939,-0.1101,0,-0.5185,-0.0978,-0.8495,0,3.1953,97.2058,1.2069,1]},
{"frame":242,"values":[0.8603,-0.0435,-0.508,0,-0.0079,0.9951,-0.0987,0,-0.5098,-0.0889,-0.8557,0,2.9245,97.3755,1.2249,1]},
{"frame":243,"values":[0.8669,-0.0374,-0.4971,0,-0.0074,0.9961,-0.0878,0,-0.4985,-0.0798,-0.8632,0,2.6296,97.4838,1.2533,1]},
{"frame":244,"values":[0.8751,-0.0324,-0.4829,0,-0.0069,0.9968,-0.0793,0,-0.4839,-0.0727,-0.8721,0,2.298,97.5469,1.3069,1]},
{"frame":245,"values":[0.8841,-0.0274,-0.4665,0,-0.0081,0.9972,-0.0739,0,-0.4673,-0.0691,-0.8814,0,1.9213,97.5638,1.3867,1]},
{"frame":246,"values":[0.8928,-0.0228,-0.4499,0,-0.0106,0.9974,-0.0715,0,-0.4504,-0.0687,-0.8902,0,1.5182,97.5394,1.4704,1]},
{"frame":247,"values":[0.9003,-0.0196,-0.4348,0,-0.0127,0.9974,-0.0713,0,-0.4351,-0.0698,-0.8977,0,1.1394,97.4927,1.5194,1]},
{"frame":248,"values":[0.9062,-0.0202,-0.4224,0,-0.0117,0.9973,-0.0727,0,-0.4227,-0.0709,-0.9035,0,0.8452,97.4744,1.4881,1]},
{"frame":249,"values":[0.9103,-0.0217,-0.4134,0,-0.0099,0.9972,-0.0742,0,-0.4139,-0.0717,-0.9075,0,0.6393,97.445,1.3828,1]},
{"frame":250,"values":[0.913,-0.0198,-0.4075,0,-0.0117,0.9971,-0.0747,0,-0.4079,-0.0729,-0.9101,0,0.4698,97.3372,1.232,1]},
{"frame":251,"values":[0.9153,-0.0136,-0.4025,0,-0.0176,0.9971,-0.0738,0,-0.4023,-0.0747,-0.9124,0,0.2782,97.1585,1.0341,1]},
{"frame":252,"values":[0.9188,-0.0058,-0.3947,0,-0.0246,0.9971,-0.072,0,-0.3939,-0.0759,-0.916,0,0.0215,96.9835,0.7552,1]}],"loopBehavior":1,"name":"anim","property":"_matrix"}},
{"name":"mixamorig:Spine","index":1,"matrix":[0.9966,-0.071,-0.0419,0,0.0739,0.9946,0.0728,0,0.0365,-0.0757,0.9965,0,0,10.1816,0.1315,1],"rest":[1,0,0,0,0,1,0,0,0,0,1,0,0,10.1816,0.1315,1],"parentBoneIndex":0,"length":10.133
,"animation":{"dataType":3,"framePerSecond":30,"keys":[
{"frame":1,"values":[0.9966,0.0711,0.0419,0,-0.074,0.9946,0.0728,0,-0.0365,-0.0757,0.9965,0,0,10.1816,0.1315,1]},
{"frame":2,"values":[0.997,0.0652,0.0405,0,-0.0681,0.995,0.0732,0,-0.0355,-0.0757,0.9965,0,0,10.1816,0.1315,1]},
{"frame":3,"values":[0.9975,0.0591,0.0382,0,-0.0618,0.9953,0.074,0,-0.0336,-0.0761,0.9965,0,0,10.1816,0.1315,1]},
{"frame":4,"values":[0.998,0.0529,0.0344,0,-0.0554,0.9956,0.0751,0,-0.0303,-0.0769,0.9966,0,0,10.1816,0.1315,1]},
{"frame":5,"values":[0.9985,0.0465,0.0291,0,-0.0487,0.9958,0.0774,0,-0.0253,-0.0787,0.9966,0,0,10.1816,0.1315,1]},
{"frame":6,"values":[0.9991,0.0377,0.0217,0,-0.0394,0.9958,0.0822,0,-0.0185,-0.083,0.9964,0,0,10.1816,0.1315,1]},
{"frame":7,"values":[0.9996,0.0251,0.0119,0,-0.026,0.9955,0.0906,0,-0.0095,-0.0909,0.9958,0,0,10.1816,0.1315,1]},
{"frame":8,"values":[1,0.0079,-0.0006,0,-0.0078,0.9947,0.1023,0,0.0015,-0.1023,0.9948,0,0,10.1816,0.1315,1]},
{"frame":9,"values":[0.9998,-0.0134,-0.0145,0,0.0149,0.9933,0.1149,0,0.0129,-0.1151,0.9933,0,0,10.1816,0.1315,1]},
{"frame":10,"values":[0.9989,-0.0376,-0.0266,0,0.0406,0.9912,0.1258,0,0.0216,-0.1267,0.9917,0,0,10.1816,0.1315,1]},
{"frame":11,"values":[0.9976,-0.0612,-0.0331,0,0.0651,0.9888,0.134,0,0.0246,-0.1358,0.9904,0,0,10.1816,0.1315,1]},
{"frame":12,"values":[0.9967,-0.0735,-0.0339,0,0.0775,0.987,0.1408,0,0.0231,-0.1429,0.9895,0,0,10.1816,0.1315,1]},
{"frame":13,"values":[0.9967,-0.0755,-0.0309,0,0.0793,0.9858,0.1478,0,0.0194,-0.1497,0.9885,0,0,10.1816,0.1315,1]},
{"frame":14,"values":[0.997,-0.0718,-0.0278,0,0.0753,0.9851,0.1549,0,0.0163,-0.1565,0.9875,0,0,10.1816,0.1315,1]},
{"frame":15,"values":[0.9972,-0.0704,-0.0267,0,0.0737,0.9843,0.1601,0,0.015,-0.1616,0.9867,0,0,10.1816,0.1315,1]},
{"frame":16,"values":[0.9968,-0.0752,-0.0273,0,0.0786,0.9837,0.1615,0,0.0147,-0.1631,0.9865,0,0,10.1816,0.1315,1]},
{"frame":17,"values":[0.9962,-0.0826,-0.0288,0,0.0862,0.9834,0.1599,0,0.0151,-0.1618,0.9867,0,0,10.1816,0.1315,1]},
{"frame":18,"values":[0.9957,-0.0869,-0.0308,0,0.0907,0.9833,0.1578,0,0.0165,-0.1599,0.987,0,0,10.1816,0.1315,1]},
{"frame":19,"values":[0.9957,-0.0867,-0.0336,0,0.091,0.9834,0.157,0,0.0194,-0.1594,0.987,0,0,10.1816,0.1315,1]},
{"frame":20,"values":[0.9957,-0.0849,-0.0371,0,0.0897,0.9835,0.1573,0,0.0231,-0.1599,0.9869,0,0,10.1816,0.1315,1]},
{"frame":21,"values":[0.9956,-0.0839,-0.0407,0,0.0894,0.9835,0.1574,0,0.0269,-0.1603,0.9867,0,0,10.1816,0.1315,1]},
{"frame":22,"values":[0.9955,-0.0843,-0.0441,0,0.0902,0.9835,0.1566,0,0.0302,-0.1599,0.9867,0,0,10.1816,0.1315,1]},
{"frame":23,"values":[0.9953,-0.0849,-0.0473,0,0.0912,0.9836,0.1553,0,0.0333,-0.1589,0.9867,0,0,10.1816,0.1315,1]},
{"frame":24,"values":[0.9951,-0.0852,-0.0501,0,0.092,0.9838,0.1538,0,0.0362,-0.1577,0.9868,0,0,10.1816,0.1315,1]},
{"frame":25,"values":[0.9949,-0.0857,-0.0524,0,0.0928,0.984,0.152,0,0.0385,-0.1561,0.987,0,0,10.1816,0.1315,1]},
{"frame":26,"values":[0.9948,-0.087,-0.0536,0,0.0942,0.9843,0.1496,0,0.0398,-0.1539,0.9873,0,0,10.1816,0.1315,1]},
{"frame":27,"values":[0.9945,-0.0893,-0.0539,0,0.0963,0.9845,0.1469,0,0.04,-0.1513,0.9877,0,0,10.1816,0.1315,1]},
{"frame":28,"values":[0.9943,-0.0924,-0.0539,0,0.0993,0.9846,0.1442,0,0.0398,-0.1487,0.9881,0,0,10.1816,0.1315,1]},
{"frame":29,"values":[0.9939,-0.0963,-0.0545,0,0.1031,0.9845,0.1419,0,0.04,-0.1466,0.9884,0,0,10.1816,0.1315,1]},
{"frame":30,"values":[0.9934,-0.1004,-0.0559,0,0.1074,0.9843,0.1399,0,0.041,-0.145,0.9886,0,0,10.1816,0.1315,1]},
{"frame":31,"values":[0.9929,-0.1035,-0.0579,0,0.1106,0.9842,0.1381,0,0.0427,-0.1436,0.9887,0,0,10.1816,0.1315,1]},
{"frame":32,"values":[0.9928,-0.1037,-0.06,0,0.1111,0.9844,0.1365,0,0.0449,-0.1421,0.9888,0,0,10.1816,0.1315,1]},
{"frame":33,"values":[0.9931,-0.0997,-0.0615,0,0.1072,0.985,0.1351,0,0.0471,-0.1408,0.9889,0,0,10.1816,0.1315,1]},
{"frame":34,"values":[0.9938,-0.0917,-0.0624,0,0.0995,0.9859,0.1344,0,0.0492,-0.1398,0.989,0,0,10.1816,0.1315,1]},
{"frame":35,"values":[0.9946,-0.0824,-0.0626,0,0.0902,0.9868,0.1348,0,0.0506,-0.1397,0.9889,0,0,10.1816,0.1315,1]},
{"frame":36,"values":[0.9953,-0.0746,-0.0621,0,0.0825,0.9873,0.136,0,0.0512,-0.1405,0.9888,0,0,10.1816,0.1315,1]},
{"frame":37,"values":[0.9957,-0.0697,-0.0613,0,0.0776,0.9874,0.1376,0,0.051,-0.1418,0.9886,0,0,10.1816,0.1315,1]},
{"frame":38,"values":[0.9959,-0.0674,-0.0608,0,0.0753,0.9874,0.1391,0,0.0507,-0.1431,0.9884,0,0,10.1816,0.1315,1]},
{"frame":39,"values":[0.9959,-0.0664,-0.0607,0,0.0744,0.9873,0.1403,0,0.0506,-0.1442,0.9883,0,0,10.1816,0.1315,1]},
{"frame":40,"values":[0.996,-0.0653,-0.0608,0,0.0733,0.9873,0.1411,0,0.0508,-0.145,0.9881,0,0,10.1816,0.1315,1]},
{"frame":41,"values":[0.9961,-0.0638,-0.0608,0,0.0719,0.9873,0.1416,0,0.051,-0.1454,0.9881,0,0,10.1816,0.1315,1]},
{"frame":42,"values":[0.9962,-0.0629,-0.0608,0,0.071,0.9874,0.1415,0,0.0512,-0.1453,0.9881,0,0,10.1816,0.1315,1]},
{"frame":43,"values":[0.9962,-0.0626,-0.0611,0,0.0707,0.9876,0.1405,0,0.0516,-0.1443,0.9882,0,0,10.1816,0.1315,1]},
{"frame":44,"values":[0.9961,-0.0629,-0.0615,0,0.0709,0.9878,0.1384,0,0.0521,-0.1422,0.9885,0,0,10.1816,0.1315,1]},
{"frame":45,"values":[0.9961,-0.0634,-0.0615,0,0.0713,0.9882,0.1354,0,0.0522,-0.1392,0.9889,0,0,10.1816,0.1315,1]},
{"frame":46,"values":[0.9961,-0.0639,-0.0609,0,0.0715,0.9887,0.1317,0,0.0518,-0.1356,0.9894,0,0,10.1816,0.1315,1]},
{"frame":47,"values":[0.9961,-0.0642,-0.0599,0,0.0714,0.9892,0.1281,0,0.051,-0.1319,0.9899,0,0,10.1816,0.1315,1]},
{"frame":48,"values":[0.9962,-0.0637,-0.059,0,0.0707,0.9896,0.1251,0,0.0504,-0.1288,0.9904,0,0,10.1816,0.1315,1]},
{"frame":49,"values":[0.9964,-0.0621,-0.0584,0,0.0689,0.99,0.1228,0,0.0502,-0.1264,0.9907,0,0,10.1816,0.1315,1]},
{"frame":50,"values":[0.9966,-0.0592,-0.0576,0,0.0659,0.9904,0.1212,0,0.0499,-0.1246,0.991,0,0,10.1816,0.1315,1]},
{"frame":51,"values":[0.9968,-0.0559,-0.0567,0,0.0624,0.9909,0.1196,0,0.0494,-0.1228,0.9912,0,0,10.1816,0.1315,1]},
{"frame":52,"values":[0.9971,-0.0526,-0.0557,0,0.0589,0.9913,0.1178,0,0.049,-0.1208,0.9915,0,0,10.1816,0.1315,1]},
{"frame":53,"values":[0.9972,-0.0499,-0.0549,0,0.0561,0.9917,0.1161,0,0.0486,-0.1189,0.9917,0,0,10.1816,0.1315,1]},
{"frame":54,"values":[0.9974,-0.048,-0.0541,0,0.054,0.9919,0.1151,0,0.0481,-0.1177,0.9919,0,0,10.1816,0.1315,1]},
{"frame":55,"values":[0.9975,-0.0466,-0.0531,0,0.0525,0.992,0.115,0,0.0473,-0.1175,0.9919,0,0,10.1816,0.1315,1]},
{"frame":56,"values":[0.9976,-0.0456,-0.0519,0,0.0513,0.992,0.1154,0,0.0463,-0.1177,0.992,0,0,10.1816,0.1315,1]},
{"frame":57,"values":[0.9977,-0.0447,-0.0506,0,0.0504,0.992,0.1159,0,0.045,-0.1182,0.992,0,0,10.1816,0.1315,1]},
{"frame":58,"values":[0.9978,-0.0441,-0.049,0,0.0495,0.9919,0.1166,0,0.0435,-0.1188,0.992,0,0,10.1816,0.1315,1]},
{"frame":59,"values":[0.998,-0.0429,-0.047,0,0.0482,0.9919,0.1173,0,0.0416,-0.1194,0.992,0,0,10.1816,0.1315,1]},
{"frame":60,"values":[0.9982,-0.0407,-0.0445,0,0.0457,0.9919,0.1182,0,0.0394,-0.1201,0.992,0,0,10.1816,0.1315,1]},
{"frame":61,"values":[0.9984,-0.037,-0.0416,0,0.0418,0.992,0.1193,0,0.0369,-0.1208,0.992,0,0,10.1816,0.1315,1]},
{"frame":62,"values":[0.9988,-0.0314,-0.0384,0,0.0358,0.9921,0.1204,0,0.0343,-0.1217,0.992,0,0,10.1816,0.1315,1]},
{"frame":63,"values":[0.9991,-0.0229,-0.035,0,0.027,0.9922,0.1218,0,0.032,-0.1227,0.9919,0,0,10.1816,0.1315,1]},
{"frame":64,"values":[0.9994,-0.0129,-0.0317,0,0.0167,0.9922,0.1235,0,0.0298,-0.1239,0.9918,0,0,10.1816,0.1315,1]},
{"frame":65,"values":[0.9996,-0.0014,-0.0283,0,0.0049,0.9921,0.1252,0,0.0279,-0.1253,0.9917,0,0,10.1816,0.1315,1]},
{"frame":66,"values":[0.9996,0.0103,-0.0251,0,-0.0071,0.9919,0.127,0,0.0262,-0.1268,0.9916,0,0,10.1816,0.1315,1]},
{"frame":67,"values":[0.9996,0.0201,-0.0221,0,-0.0171,0.9916,0.1285,0,0.0245,-0.1281,0.9915,0,0,10.1816,0.1315,1]},
{"frame":68,"values":[0.9995,0.0269,-0.019,0,-0.0242,0.9913,0.1297,0,0.0223,-0.1292,0.9914,0,0,10.1816,0.1315,1]},
